3200.000000 11.980000
3250.000000 11.920000
3300.000000 11.800000
3350.000000 11.780000
3400.000000 11.730000
3450.000000 11.710000
3500.000000 11.660000
3571.000000 11.630000
3636.000000 11.590000
3704.000000 11.550000
3760.000000 11.460000
3816.000000 11.370000
3862.000000 11.310000
3945.000000 11.280000
4000.000000 11.260000
4036.000000 11.240000
4065.000000 11.220000
4167.000000 11.160000
4190.000000 11.150000
4255.000000 11.130000
4290.000000 11.120000
4370.000000 11.090000
4464.000000 11.030000
4498.000000 11.000000
4566.000000 10.950000
4604.000000 10.940000
4678.000000 10.920000
4735.000000 10.890000
4785.000000 10.870000
4825.000000 10.850000
4914.000000 10.790000
5000.000000 10.730000
5067.000000 10.680000
5145.000000 10.630000
5206.000000 10.570000
5263.000000 10.530000
5341.000000 10.480000
5440.000000 10.430000
5504.000000 10.380000
5556.000000 10.350000
5630.000000 10.340000
5710.000000 10.310000
5775.000000 10.300000
5840.000000 10.280000
5910.000000 10.270000
5980.000000 10.250000
6056.000000 10.220000
6140.000000 10.200000
6220.000000 10.180000
6290.000000 10.170000
6365.000000 10.160000
6436.000000 10.130000
6473.000000 10.120000
6530.000000 10.100000
6600.000000 10.080000
6670.000000 10.050000
6740.000000 10.030000
6790.000000 10.010000
6850.000000 10.000000
6975.000000 9.970000
7055.000000 9.950000
7100.000000 9.930000
7150.000000 9.930000
7220.000000 9.910000
7270.000000 9.900000
7365.000000 9.890000
7460.000000 9.870000
7550.000000 9.860000
7580.000000 9.860000
7725.000000 9.830000
7780.000000 9.810000
7820.000000 9.800000
7910.000000 9.780000
8000.000000 9.760000
8090.000000 9.740000
8210.000000 9.740000
8260.000000 9.740000
8370.000000 9.720000
