2703.8508 11.700
2705.9994 11.735
2708.1480 11.761
2710.2966 11.783
2712.4453 11.798
2714.5939 11.794
2716.7425 11.782
2718.8911 11.782
2721.0397 11.819
2723.1883 11.923
2725.3370 12.072
2727.4856 12.244
2729.6342 12.356
2731.7828 12.382
2733.9314 12.330
2736.0800 12.276
2738.2287 12.249
2740.3773 12.255
2742.5259 12.280
2744.6745 12.320
2746.8231 12.374
2748.9717 12.431
2751.1203 12.473
2753.2690 12.491
2755.4176 12.510
2757.5662 12.560
2759.7148 12.647
2761.8634 12.743
2764.0120 12.789
2766.1607 12.763
2768.3093 12.706
2770.4579 12.676
2772.6065 12.698
2774.7551 12.750
2776.9037 12.789
2779.0524 12.793
2781.2010 12.799
2783.3496 12.827
2785.4982 12.894
2787.6468 12.958
2789.7954 13.023
2791.9440 13.085
2794.0927 13.189
2796.2413 13.297
2798.3899 13.373
2800.5385 13.361
2802.6871 13.309
2804.8357 13.257
2806.9844 13.251
2809.1330 13.290
2811.2816 13.373
2813.4302 13.490
2815.5788 13.615
2817.7274 13.708
2819.8761 13.712
2822.0247 13.637
2824.1733 13.536
2826.3219 13.484
2828.4705 13.522
2830.6191 13.633
2832.7677 13.758
2834.9164 13.796
2837.0650 13.753
2839.2136 13.684
2841.3622 13.667
2843.5108 13.688
2845.6594 13.720
2847.8081 13.742
2849.9567 13.779
2852.1053 13.838
2854.2539 13.903
2856.4025 13.931
2858.5511 13.931
2860.6998 13.929
2862.8484 13.951
2864.9970 13.978
2867.1456 13.990
2869.2942 13.986
2871.4428 13.983
2873.5914 13.996
2875.7401 14.011
2877.8887 14.016
2880.0373 14.002
2882.1859 13.990
2884.3345 13.986
2886.4831 13.985
2888.6318 13.978
2890.7804 13.973
2892.9290 13.993
2895.0776 14.044
2897.2262 14.123
2899.3748 14.175
2901.5235 14.142
2903.6721 14.052
2905.8207 13.972
2907.9693 13.962
2910.1179 14.006
2912.2665 14.063
2914.4151 14.112
2916.5638 14.158
2918.7124 14.220
2920.8610 14.286
2923.0096 14.325
2925.1582 14.337
2927.3068 14.343
2929.4555 14.349
2931.6041 14.336
2933.7527 14.312
2935.9013 14.338
2938.0499 14.396
2940.1985 14.403
2942.3472 14.332
2944.4958 14.244
2946.6444 14.222
2948.7930 14.257
2950.9416 14.280
2953.0902 14.278
2955.2388 14.284
2957.3875 14.317
2959.5361 14.346
2961.6847 14.355
2963.8333 14.383
2965.9819 14.470
2968.1305 14.564
2970.2792 14.567
2972.4278 14.484
2974.5764 14.389
2976.7250 14.335
2978.8736 14.340
2981.0222 14.388
2983.1709 14.435
2985.3195 14.445
2987.4681 14.437
2989.6167 14.461
2991.7653 14.506
2993.9139 14.523
2996.0625 14.496
2998.2112 14.457
3000.3598 14.442
3002.5084 14.458
3004.6570 14.478
3006.8056 14.505
3008.9542 14.551
3011.1029 14.561
3013.2515 14.475
3015.4001 14.379
3017.5487 14.393
3019.6973 14.484
3021.8459 14.531
3023.9946 14.532
3026.1432 14.560
3028.2918 14.611
3030.4404 14.629
3032.5890 14.611
3034.7376 14.589
3036.8862 14.583
3039.0349 14.612
3041.1835 14.643
3043.3321 14.586
3045.4807 14.489
3047.6293 14.514
3049.7779 14.649
3051.9266 14.690
3054.0752 14.594
3056.2238 14.487
3058.3724 14.422
3060.5210 14.402
3062.6696 14.415
3064.8183 14.439
3066.9669 14.474
3069.1155 14.522
3071.2641 14.545
3073.4127 14.516
3075.5613 14.479
3077.7099 14.483
3079.8586 14.506
3082.0072 14.521
3084.1558 14.558
3086.3044 14.588
3088.4530 14.519
3090.6016 14.398
3092.7503 14.340
3094.8989 14.361
3097.0475 14.413
3099.1961 14.408
3101.3447 14.343
3103.4933 14.325
3105.6420 14.353
3107.7906 14.346
3109.9392 14.324
3112.0878 14.320
3114.2364 14.290
3116.3850 14.271
3118.5336 14.325
3120.6823 14.375
3122.8309 14.364
3124.9795 14.374
3127.1281 14.412
3129.2767 14.443
3131.4253 14.461
3133.5740 14.425
3135.7226 14.355
3137.8712 14.315
3140.0198 14.307
3142.1684 14.334
3144.3170 14.370
3146.4657 14.367
3148.6143 14.361
3150.7629 14.346
3152.9115 14.295
3155.0601 14.266
3157.2087 14.290
3159.3573 14.319
3161.5060 14.293
3163.6546 14.266
3165.8032 14.256
3167.9518 14.244
3170.1004 14.258
3172.2490 14.322
3174.3977 14.353
3176.5463 14.331
3178.6949 14.325
3180.8435 14.332
3182.9921 14.337
3185.1407 14.340
3187.2894 14.343
3189.4380 14.336
3191.5866 14.326
3193.7352 14.348
3195.8838 14.371
3198.0324 14.361
3200.1810 14.340
3202.3297 14.333
3204.4783 14.346
3206.6269 14.349
3208.7755 14.325
3210.9241 14.311
3213.0727 14.319
3215.2214 14.329
3217.3700 14.312
3219.5186 14.316
3221.6672 14.353
3223.8158 14.336
3225.9644 14.305
3228.1131 14.279
3230.2617 14.284
3232.4103 14.309
3234.5589 14.313
3236.7075 14.330
3238.8561 14.351
3241.0047 14.344
3243.1534 14.355
3245.3020 14.366
3247.4506 14.359
3249.5992 14.329
3251.7478 14.288
3253.8964 14.275
3256.0451 14.258
3258.1937 14.254
3260.3423 14.265
3262.4909 14.296
3264.6395 14.332
3266.7881 14.347
3268.9368 14.348
3271.0854 14.323
3273.2340 14.314
3275.3826 14.330
3277.5312 14.323
3279.6798 14.332
3281.8285 14.322
3283.9771 14.332
3286.1257 14.341
3288.2743 14.298
3290.4229 14.295
3292.5715 14.296
3294.7201 14.292
3296.8688 14.316
3299.0174 14.317
3301.1660 14.308
3303.3146 14.287
3305.4632 14.256
3307.6118 14.281
3309.7605 14.313
3311.9091 14.278
3314.0577 14.256
3316.2063 14.297
3318.3549 14.306
3320.5035 14.305
3322.6522 14.305
3324.8008 14.279
3326.9494 14.286
3329.0980 14.309
3331.2466 14.293
3333.3952 14.313
3335.5438 14.335
3337.6925 14.319
3339.8411 14.324
3341.9897 14.327
3344.1383 14.264
3346.2869 14.267
3348.4355 14.276
3350.5842 14.269
3352.7328 14.278
3354.8814 14.322
3357.0300 14.359
3359.1786 14.309
3361.3272 14.267
3363.4759 14.287
3365.6245 14.305
3367.7731 14.330
3369.9217 14.313
3372.0703 14.292
3374.2189 14.326
3376.3675 14.320
3378.5162 14.322
3380.6648 14.307
3382.8134 14.286
3384.9620 14.304
3387.1106 14.301
3389.2592 14.328
3391.4079 14.341
3393.5565 14.344
3395.7051 14.345
3397.8537 14.346
3400.0023 14.336
3402.1509 14.323
3404.2996 14.319
3406.4482 14.318
3408.5968 14.329
3410.7454 14.349
3412.8940 14.333
3415.0426 14.336
3417.1912 14.299
3419.3399 14.310
3421.4885 14.332
3423.6371 14.315
3425.7857 14.321
3427.9343 14.339
3430.0829 14.374
3432.2316 14.361
3434.3802 14.376
3436.5288 14.355
3438.6774 14.327
3440.8260 14.328
3442.9746 14.352
3445.1233 14.373
3447.2719 14.375
3449.4205 14.364
3451.5691 14.367
3453.7177 14.367
3455.8663 14.379
3458.0149 14.364
3460.1636 14.350
3462.3122 14.340
3464.4608 14.340
3466.6094 14.304
3468.7580 14.332
3470.9066 14.400
3473.0553 14.379
3475.2039 14.372
3477.3525 14.364
3479.5011 14.372
3481.6497 14.379
3483.7983 14.384
3485.9470 14.377
3488.0956 14.360
3490.2442 14.362
3492.3928 14.381
3494.5414 14.369
3496.6900 14.348
3498.8386 14.365
3500.9873 14.360
3503.1359 14.347
3505.2845 14.352
3507.4331 14.369
3509.5817 14.382
3511.7303 14.392
3513.8790 14.398
3516.0276 14.423
3518.1762 14.400
3520.3248 14.384
3522.4734 14.393
3524.6220 14.407
3526.7707 14.401
3528.9193 14.379
3531.0679 14.394
3533.2165 14.397
3535.3651 14.406
3537.5137 14.391
3539.6623 14.382
3541.8110 14.401
3543.9596 14.413
3546.1082 14.404
3548.2568 14.396
3550.4054 14.397
3552.5540 14.406
3554.7027 14.420
3556.8513 14.440
3558.9999 14.450
3561.1485 14.431
3563.2971 14.412
3565.4457 14.424
3567.5944 14.432
3569.7430 14.447
3571.8916 14.429
3574.0402 14.438
3576.1888 14.451
3578.3374 14.433
3580.4860 14.406
3582.6347 14.448
3584.7833 14.456
3586.9319 14.451
3589.0805 14.443
3591.2291 14.423
3593.3777 14.437
3595.5264 14.427
3597.6750 14.438
3599.8236 14.445
3601.9722 14.452
3604.1208 14.434
3606.2694 14.431
3608.4181 14.463
3610.5667 14.457
3612.7153 14.461
3614.8639 14.455
3617.0125 14.470
3619.1611 14.447
3621.3097 14.442
3623.4584 14.427
3625.6070 14.455
3627.7556 14.456
3629.9042 14.444
3632.0528 14.443
3634.2014 14.450
3636.3501 14.464
3638.4987 14.458
3640.6473 14.490
3642.7959 14.502
3644.9445 14.482
3647.0931 14.468
3649.2418 14.492
3651.3904 14.493
3653.5390 14.466
3655.6876 14.464
3657.8362 14.489
3659.9848 14.474
3662.1334 14.480
3664.2821 14.475
3666.4307 14.475
3668.5793 14.457
3670.7279 14.451
3672.8765 14.445
3675.0251 14.459
3677.1738 14.439
3679.3224 14.440
3681.4710 14.461
3683.6196 14.464
3685.7682 14.480
3687.9168 14.495
3690.0655 14.511
3692.2141 14.489
3694.3627 14.503
3696.5113 14.485
3698.6599 14.481
3700.8085 14.494
3702.9571 14.496
3705.1058 14.491
3707.2544 14.489
3709.4030 14.491
3711.5516 14.491
3713.7002 14.491
3715.8488 14.505
3717.9975 14.499
3720.1461 14.475
3722.2947 14.502
3724.4433 14.521
3726.5919 14.541
3728.7405 14.535
3730.8892 14.534
3733.0378 14.533
3735.1864 14.508
3737.3350 14.524
3739.4836 14.539
3741.6322 14.526
3743.7808 14.530
3745.9295 14.550
3748.0781 14.537
3750.2267 14.531
3752.3753 14.542
3754.5239 14.563
3756.6725 14.554
3758.8212 14.543
3760.9698 14.529
3763.1184 14.533
3765.2670 14.555
3767.4156 14.566
3769.5642 14.528
3771.7129 14.508
3773.8615 14.504
3776.0101 14.562
3778.1587 14.567
3780.3073 14.565
3782.4559 14.575
3784.6045 14.568
3786.7532 14.563
3788.9018 14.584
3791.0504 14.565
3793.1990 14.569
3795.3476 14.605
3797.4962 14.604
3799.6449 14.607
3801.7935 14.579
3803.9421 14.591
3806.0907 14.595
3808.2393 14.612
3810.3879 14.600
3812.5366 14.585
3814.6852 14.593
3816.8338 14.625
3818.9824 14.646
3821.1310 14.626
3823.2796 14.620
3825.4282 14.609
3827.5769 14.600
3829.7255 14.595
3831.8741 14.600
3834.0227 14.601
3836.1713 14.622
3838.3199 14.599
3840.4686 14.583
3842.6172 14.585
3844.7658 14.583
3846.9144 14.585
3849.0630 14.596
3851.2116 14.594
3853.3603 14.598
3855.5089 14.607
3857.6575 14.603
3859.8061 14.594
3861.9547 14.605
3864.1033 14.607
3866.2519 14.602
3868.4006 14.597
3870.5492 14.605
3872.6978 14.618
3874.8464 14.628
3876.9950 14.623
3879.1436 14.621
3881.2923 14.622
3883.4409 14.632
3885.5895 14.627
3887.7381 14.609
3889.8867 14.625
3892.0353 14.618
3894.1840 14.612
3896.3326 14.618
3898.4812 14.600
3900.6298 14.614
3902.7784 14.633
3904.9270 14.622
3907.0756 14.620
3909.2243 14.616
3911.3729 14.620
3913.5215 14.616
3915.6701 14.604
3917.8187 14.596
3919.9673 14.616
3922.1160 14.633
3924.2646 14.624
3926.4132 14.629
3928.5618 14.638
3930.7104 14.626
3932.8590 14.626
3935.0077 14.626
3937.1563 14.629
3939.3049 14.635
3941.4535 14.640
3943.6021 14.650
3945.7507 14.625
3947.8993 14.613
3950.0480 14.602
3952.1966 14.611
3954.3452 14.636
3956.4938 14.659
3958.6424 14.677
3960.7910 14.709
3962.9397 14.731
3965.0883 14.729
3967.2369 14.718
3969.3855 14.699
3971.5341 14.664
3973.6827 14.647
3975.8314 14.652
3977.9800 14.647
3980.1286 14.656
3982.2772 14.643
3984.4258 14.622
3986.5744 14.606
3988.7230 14.618
3990.8717 14.626
3993.0203 14.638
3995.1689 14.618
3997.3175 14.602
3999.4661 14.598
4001.6147 14.625
4003.7634 14.619
4005.9120 14.619
4008.0606 14.619
4010.2092 14.610
4012.3578 14.610
4014.5064 14.606
4016.6551 14.613
4018.8037 14.612
4020.9523 14.608
4023.1009 14.605
4025.2495 14.595
4027.3981 14.581
4029.5467 14.585
4031.6954 14.595
4033.8440 14.608
4035.9926 14.641
4038.1412 14.629
4040.2898 14.614
4042.4384 14.591
4044.5871 14.640
4046.7357 14.638
4048.8843 14.592
4051.0329 14.587
4053.1815 14.582
4055.3301 14.605
4057.4788 14.598
4059.6274 14.617
4061.7760 14.640
4063.9246 14.621
4066.0732 14.633
4068.2218 14.632
4070.3704 14.634
4072.5191 14.636
4074.6677 14.650
4076.8163 14.659
4078.9649 14.673
4081.1135 14.670
4083.2621 14.671
4085.4108 14.661
4087.5594 14.690
4089.7080 14.709
4091.8566 14.731
4094.0052 14.721
4096.1538 14.741
4098.3025 14.748
4100.4511 14.761
4102.5997 14.745
4104.7483 14.736
4106.8969 14.717
4109.0455 14.729
4111.1941 14.745
4113.3428 14.737
4115.4914 14.717
4117.6400 14.714
4119.7886 14.707
4121.9372 14.674
4124.0858 14.695
4126.2345 14.709
4128.3831 14.690
4130.5317 14.680
4132.6803 14.660
4134.8289 14.674
4136.9775 14.655
4139.1262 14.643
4141.2748 14.629
4143.4234 14.652
4145.5720 14.671
4147.7206 14.651
4149.8692 14.640
4152.0178 14.641
4154.1665 14.630
4156.3151 14.635
4158.4637 14.624
4160.6123 14.599
4162.7609 14.613
4164.9095 14.645
4167.0582 14.654
4169.2068 14.658
4171.3554 14.656
4173.5040 14.640
4175.6526 14.628
4177.8012 14.641
4179.9499 14.659
4182.0985 14.612
4184.2471 14.598
4186.3957 14.615
4188.5443 14.622
4190.6929 14.633
4192.8415 14.626
4194.9902 14.638
4197.1388 14.611
4199.2874 14.627
4201.4360 14.641
4203.5846 14.640
4205.7332 14.662
4207.8819 14.648
4210.0305 14.660
4212.1791 14.653
4214.3277 14.652
4216.4763 14.669
4218.6249 14.714
4220.7736 14.688
4222.9222 14.711
4225.0708 14.676
4227.2194 14.675
4229.3680 14.693
4231.5166 14.701
4233.6652 14.677
4235.8139 14.677
4237.9625 14.674
4240.1111 14.680
4242.2597 14.719
4244.4083 14.721
4246.5569 14.689
4248.7056 14.681
4250.8542 14.680
4253.0028 14.674
4255.1514 14.711
4257.3000 14.705
4259.4486 14.687
4261.5973 14.670
4263.7459 14.660
4265.8945 14.669
4268.0431 14.676
4270.1917 14.716
4272.3403 14.731
4274.4889 14.738
4276.6376 14.727
4278.7862 14.723
4280.9348 14.726
4283.0834 14.747
4285.2320 14.708
4287.3806 14.716
4289.5293 14.711
4291.6779 14.691
4293.8265 14.719
4295.9751 14.764
4298.1237 14.781
4300.2723 14.770
4302.4210 14.759
4304.5696 14.754
4306.7182 14.751
4308.8668 14.760
4311.0154 14.765
4313.1640 14.747
4315.3126 14.748
4317.4613 14.755
4319.6099 14.786
4321.7585 14.817
4323.9071 14.792
4326.0557 14.818
4328.2043 14.825
4330.3530 14.841
4332.5016 14.880
4334.6502 14.883
4336.7988 14.901
4338.9474 14.913
4341.0960 14.909
4343.2447 14.935
4345.3933 14.905
4347.5419 14.847
4349.6905 14.845
4351.8391 14.825
4353.9877 14.825
4356.1364 14.813
4358.2850 14.809
4360.4336 14.827
4362.5822 14.827
4364.7308 14.817
4366.8794 14.816
4369.0280 14.778
4371.1767 14.768
4373.3253 14.785
4375.4739 14.776
4377.6225 14.766
4379.7711 14.774
4381.9197 14.768
4384.0684 14.728
4386.2170 14.744
4388.3656 14.750
4390.5142 14.738
4392.6628 14.735
4394.8114 14.754
4396.9601 14.755
4399.1087 14.772
4401.2573 14.749
4403.4059 14.734
4405.5545 14.735
4407.7031 14.714
4409.8517 14.689
4412.0004 14.720
4414.1490 14.719
4416.2976 14.726
4418.4462 14.696
4420.5948 14.719
4422.7434 14.733
4424.8921 14.739
4427.0407 14.744
4429.1893 14.736
4431.3379 14.729
4433.4865 14.741
4435.6351 14.730
4437.7838 14.724
4439.9324 14.687
4442.0810 14.664
4444.2296 14.676
4446.3782 14.694
4448.5268 14.710
4450.6754 14.720
4452.8241 14.744
4454.9727 14.727
4457.1213 14.718
4459.2699 14.715
4461.4185 14.733
4463.5671 14.724
4465.7158 14.706
4467.8644 14.689
4470.0130 14.687
4472.1616 14.675
4474.3102 14.681
4476.4588 14.686
4478.6075 14.674
4480.7561 14.683
4482.9047 14.692
4485.0533 14.700
4487.2019 14.715
4489.3505 14.722
4491.4991 14.700
4493.6478 14.676
4495.7964 14.670
4497.9450 14.660
4500.0936 14.655
4502.2422 14.687
4504.3908 14.704
4506.5395 14.695
4508.6881 14.703
4510.8367 14.702
4512.9853 14.694
4515.1339 14.671
4517.2825 14.663
4519.4312 14.693
4521.5798 14.684
4523.7284 14.695
4525.8770 14.704
4528.0256 14.694
4530.1742 14.687
4532.3228 14.691
4534.4715 14.688
4536.6201 14.698
4538.7687 14.695
4540.9173 14.692
4543.0659 14.680
4545.2145 14.682
4547.3632 14.707
4549.5118 14.715
4551.6604 14.695
4553.8090 14.691
4555.9576 14.676
4558.1062 14.649
4560.2549 14.652
4562.4035 14.673
4564.5521 14.663
4566.7007 14.681
4568.8493 14.696
4570.9979 14.706
4573.1465 14.709
4575.2952 14.707
4577.4438 14.717
4579.5924 14.726
4581.7410 14.670
4583.8896 14.664
4586.0382 14.658
4588.1869 14.666
4590.3355 14.660
4592.4841 14.670
4594.6327 14.677
4596.7813 14.695
4598.9299 14.681
4601.0786 14.674
4603.2272 14.663
4605.3758 14.672
4607.5244 14.676
4609.6730 14.668
4611.8216 14.648
4613.9702 14.665
4616.1189 14.689
4618.2675 14.700
4620.4161 14.672
4622.5647 14.658
4624.7133 14.693
4626.8619 14.694
4629.0106 14.686
4631.1592 14.707
4633.3078 14.685
4635.4564 14.700
4637.6050 14.691
4639.7536 14.713
4641.9023 14.718
4644.0509 14.737
4646.1995 14.723
4648.3481 14.696
4650.4967 14.664
4652.6453 14.684
4654.7939 14.697
4656.9426 14.685
4659.0912 14.697
4661.2398 14.704
4663.3884 14.675
4665.5370 14.659
4667.6856 14.676
4669.8343 14.708
4671.9829 14.692
4674.1315 14.701
4676.2801 14.708
4678.4287 14.723
4680.5773 14.719
4682.7260 14.697
4684.8746 14.712
4687.0232 14.704
4689.1718 14.729
4691.3204 14.722
4693.4690 14.700
4695.6176 14.678
4697.7663 14.656
4699.9149 14.676
4702.0635 14.661
4704.2121 14.668
4706.3607 14.691
4708.5093 14.677
4710.6580 14.670
4712.8066 14.686
4714.9552 14.687
4717.1038 14.679
4719.2524 14.699
4721.4010 14.699
4723.5497 14.691
4725.6983 14.702
4727.8469 14.729
4729.9955 14.729
4732.1441 14.715
4734.2927 14.718
4736.4413 14.722
4738.5900 14.731
4740.7386 14.733
4742.8872 14.735
4745.0358 14.738
4747.1844 14.739
4749.3330 14.736
4751.4817 14.737
4753.6303 14.741
4755.7789 14.758
4757.9275 14.758
4760.0761 14.767
4762.2247 14.782
4764.3734 14.792
4766.5220 14.820
4768.6706 14.847
4770.8192 14.844
4772.9678 14.839
4775.1164 14.845
4777.2650 14.838
4779.4137 14.798
4781.5623 14.800
4783.7109 14.816
4785.8595 14.815
4788.0081 14.822
4790.1567 14.832
4792.3054 14.811
4794.4540 14.808
4796.6026 14.819
4798.7512 14.837
4800.8998 14.839
4803.0484 14.848
4805.1971 14.868
4807.3457 14.850
4809.4943 14.851
4811.6429 14.882
4813.7915 14.899
4815.9401 14.894
4818.0887 14.893
4820.2374 14.862
4822.3860 14.865
4824.5346 14.870
4826.6832 14.906
4828.8318 14.920
4830.9804 14.907
4833.1291 14.894
4835.2777 14.888
4837.4263 14.893
4839.5749 14.880
4841.7235 14.899
4843.8721 14.927
4846.0208 14.958
4848.1694 14.966
4850.3180 14.970
4852.4666 14.987
4854.6152 14.989
4856.7638 15.016
4858.9124 15.008
4861.0611 15.021
4863.2097 15.009
4865.3583 15.015
4867.5069 15.010
4869.6555 15.003
4871.8041 14.991
4873.9528 14.987
4876.1014 14.993
4878.2500 14.954
4880.3986 14.944
4882.5472 14.952
4884.6958 14.947
4886.8445 14.951
4888.9931 14.952
4891.1417 14.922
4893.2903 14.902
4895.4389 14.903
4897.5875 14.890
4899.7361 14.899
4901.8848 14.904
4904.0334 14.892
4906.1820 14.798
4908.3306 14.721
4910.4792 14.877
4912.6278 14.895
4914.7765 14.909
4916.9251 14.900
4919.0737 14.877
4921.2223 14.850
4923.3709 14.839
4925.5195 14.831
4927.6682 14.828
4929.8168 14.830
4931.9654 14.836
4934.1140 14.852
4936.2626 14.857
4938.4112 14.855
4940.5598 14.852
4942.7085 14.850
4944.8571 14.849
4947.0057 14.867
4949.1543 14.887
4951.3029 14.881
4953.4515 14.870
4955.6002 14.856
4957.7488 14.875
4959.8974 14.884
4962.0460 14.863
4964.1946 14.857
4966.3432 14.856
4968.4919 14.846
4970.6405 14.856
4972.7891 14.887
4974.9377 14.890
4977.0863 14.887
4979.2349 14.882
4981.3835 14.870
4983.5322 14.858
4985.6808 14.911
4987.8294 14.935
4989.9780 14.922
4992.1266 14.905
4994.2752 14.892
4996.4239 14.899
4998.5725 14.897
5000.7211 14.889
5002.8697 14.890
5005.0183 14.898
5007.1669 14.917
5009.3156 14.904
5011.4642 14.885
5013.6128 14.895
5015.7614 14.897
5017.9100 14.894
5020.0586 14.903
5022.2072 14.905
5024.3559 14.891
5026.5045 14.867
5028.6531 14.845
5030.8017 14.883
5032.9503 14.902
5035.0989 14.900
5037.2476 14.898
5039.3962 14.889
5041.5448 14.861
5043.6934 14.870
5045.8420 14.898
5047.9906 14.874
5050.1393 14.865
5052.2879 14.877
5054.4365 14.890
5056.5851 14.905
5058.7337 14.928
5060.8823 14.933
5063.0309 14.925
5065.1796 14.920
5067.3282 14.927
5069.4768 14.955
5071.6254 14.961
5073.7740 14.957
5075.9226 14.932
5078.0713 14.917
5080.2199 14.912
5082.3685 14.915
5084.5171 14.915
5086.6657 14.906
5088.8143 14.899
5090.9630 14.892
5093.1116 14.877
5095.2602 14.861
5097.4088 14.844
5099.5574 14.855
5101.7060 14.873
5103.8546 14.892
5106.0033 14.898
5108.1519 14.895
5110.3005 14.892
5112.4491 14.889
5114.5977 14.887
5116.7463 14.895
5118.8950 14.907
5121.0436 14.921
5123.1922 14.917
5125.3408 14.901
5127.4894 14.890
5129.6380 14.886
5131.7867 14.899
5133.9353 14.904
5136.0839 14.906
5138.2325 14.893
5140.3811 14.893
5142.5297 14.905
5144.6783 14.911
5146.8270 14.911
5148.9756 14.901
5151.1242 14.900
5153.2728 14.904
5155.4214 14.921
5157.5700 14.929
5159.7187 14.929
5161.8673 14.933
5164.0159 14.939
5166.1645 14.948
5168.3131 14.966
5170.4617 14.989
5172.6104 14.994
5174.7590 14.990
5176.9076 14.971
5179.0562 14.968
5181.2048 14.971
5183.3534 14.972
5185.5020 14.949
5187.6507 14.907
5189.7993 14.893
5191.9479 14.891
5194.0965 14.907
5196.2451 14.943
5198.3937 14.981
5200.5424 14.978
5202.6910 14.966
5204.8396 14.946
5206.9882 14.930
5209.1368 14.918
5211.2854 14.914
5213.4341 14.901
5215.5827 14.884
5217.7313 14.897
5219.8799 14.901
5222.0285 14.894
5224.1771 14.876
5226.3257 14.860
5228.4744 14.858
5230.6230 14.859
5232.7716 14.861
5234.9202 14.882
5237.0688 14.893
5239.2174 14.890
5241.3661 14.881
5243.5147 14.871
5245.6633 14.867
5247.8119 14.858
5249.9605 14.847
5252.1091 14.862
5254.2578 14.877
5256.4064 14.891
5258.5550 14.902
5260.7036 14.917
5262.8522 14.970
5265.0008 14.983
5267.1494 14.955
5269.2981 14.918
5271.4467 14.890
5273.5953 14.886
5275.7439 14.878
5277.8925 14.868
5280.0411 14.873
5282.1898 14.879
5284.3384 14.885
5286.4870 14.866
5288.6356 14.848
5290.7842 14.860
5292.9328 14.872
5295.0815 14.885
5297.2301 14.858
5299.3787 14.843
5301.5273 14.850
5303.6759 14.873
5305.8245 14.897
5307.9731 14.894
5310.1218 14.883
5312.2704 14.865
5314.4190 14.868
5316.5676 14.874
5318.7162 14.885
5320.8648 14.902
5323.0135 14.921
5325.1621 14.915
5327.3107 14.906
5329.4593 14.896
5331.6079 14.881
5333.7565 14.871
5335.9052 14.881
5338.0538 14.868
5340.2024 14.844
5342.3510 14.846
5344.4996 14.848
5346.6482 14.851
5348.7968 14.858
5350.9455 14.861
5353.0941 14.847
5355.2427 14.856
5357.3913 14.879
5359.5399 14.877
5361.6885 14.870
5363.8372 14.858
5365.9858 14.859
5368.1344 14.866
5370.2830 14.883
5372.4316 14.872
5374.5802 14.837
5376.7289 14.832
5378.8775 14.837
5381.0261 14.858
5383.1747 14.853
5385.3233 14.842
5387.4719 14.872
5389.6205 14.885
5391.7692 14.880
5393.9178 14.885
5396.0664 14.895
5398.2150 14.919
5400.3636 14.914
5402.5122 14.892
5404.6609 14.890
5406.8095 14.885
5408.9581 14.875
5411.1067 14.857
5413.2553 14.837
5415.4039 14.818
5417.5526 14.811
5419.7012 14.812
5421.8498 14.861
5423.9984 14.886
5426.1470 14.865
5428.2956 14.862
5430.4443 14.861
5432.5929 14.828
5434.7415 14.813
5436.8901 14.815
5439.0387 14.813
5441.1873 14.828
5443.3359 14.881
5445.4846 14.901
5447.6332 14.906
5449.7818 14.900
5451.9304 14.904
5454.0790 14.919
5456.2276 14.924
5458.3763 14.925
5460.5249 14.917
5462.6735 14.910
5464.8221 14.904
5466.9707 14.896
5469.1193 14.907
5471.2680 14.946
5473.4166 14.928
5475.5652 14.896
5477.7138 14.867
5479.8624 14.867
5482.0110 14.890
5484.1596 14.908
5486.3083 14.911
5488.4569 14.886
5490.6055 14.881
5492.7541 14.882
5494.9027 14.872
5497.0513 14.864
5499.2000 14.858
5501.3486 14.877
5503.4972 14.895
5505.6458 14.905
5507.7944 14.910
5509.9430 14.913
5512.0917 14.895
5514.2403 14.871
5516.3889 14.839
5518.5375 14.831
5520.6861 14.832
5522.8347 14.846
5524.9833 14.856
5527.1320 14.861
5529.2806 14.857
5531.4292 14.852
5533.5778 14.847
5535.7264 14.846
5537.8750 14.848
5540.0237 14.850
5542.1723 14.837
5544.3209 14.814
5546.4695 14.837
5548.6181 14.862
5550.7667 14.887
5552.9154 14.884
5555.0640 14.876
5557.2126 14.911
5559.3612 14.929
5561.5098 14.930
5563.6584 14.900
5565.8070 14.877
5567.9557 14.885
5570.1043 14.881
5572.2529 14.870
5574.4015 14.844
5576.5501 14.844
5578.6987 14.874
5580.8474 14.872
5582.9960 14.862
5585.1446 14.849
5587.2932 14.867
5589.4418 14.905
5591.5904 14.902
5593.7391 14.908
5595.8877 14.929
5598.0363 14.914
5600.1849 14.889
5602.3335 14.874
5604.4821 14.882
5606.6307 14.910
5608.7794 14.917
5610.9280 14.919
5613.0766 14.912
5615.2252 14.900
5617.3738 14.887
5619.5224 14.869
5621.6711 14.854
5623.8197 14.842
5625.9683 14.844
5628.1169 14.851
5630.2655 14.869
5632.4141 14.863
5634.5628 14.842
5636.7114 14.810
5638.8600 14.807
5641.0086 14.843
5643.1572 14.825
5645.3058 14.807
5647.4544 14.836
5649.6031 14.848
5651.7517 14.849
5653.9003 14.848
5656.0489 14.857
5658.1975 14.880
5660.3461 14.873
5662.4948 14.858
5664.6434 14.846
5666.7920 14.861
5668.9406 14.901
5671.0892 14.894
5673.2378 14.880
5675.3865 14.859
5677.5351 14.863
5679.6837 14.875
5681.8323 14.881
5683.9809 14.885
5686.1295 14.885
5688.2781 14.872
5690.4268 14.859
5692.5754 14.852
5694.7240 14.853
5696.8726 14.858
5699.0212 14.853
5701.1698 14.849
5703.3185 14.846
5705.4671 14.850
5707.6157 14.857
5709.7643 14.871
5711.9129 14.856
5714.0615 14.820
5716.2102 14.820
5718.3588 14.835
5720.5074 14.874
5722.6560 14.877
5724.8046 14.872
5726.9532 14.884
5729.1018 14.891
5731.2505 14.893
5733.3991 14.839
5735.5477 14.803
5737.6963 14.820
5739.8449 14.821
5741.9935 14.814
5744.1422 14.813
5746.2908 14.804
5748.4394 14.786
5750.5880 14.781
5752.7366 14.784
5754.8852 14.798
5757.0339 14.805
5759.1825 14.807
5761.3311 14.807
5763.4797 14.814
5765.6283 14.830
5767.7769 14.833
5769.9255 14.831
5772.0742 14.822
5774.2228 14.821
5776.3714 14.826
5778.5200 14.823
5780.6686 14.812
5782.8172 14.787
5784.9659 14.795
5787.1145 14.815
5789.2631 14.834
5791.4117 14.845
5793.5603 14.847
5795.7089 14.832
5797.8576 14.813
5800.0062 14.787
5802.1548 14.772
5804.3034 14.765
5806.4520 14.791
5808.6006 14.803
5810.7492 14.801
5812.8979 14.821
5815.0465 14.833
5817.1951 14.807
5819.3437 14.804
5821.4923 14.814
5823.6409 14.817
5825.7896 14.814
5827.9382 14.801
5830.0868 14.801
5832.2354 14.805
5834.3840 14.809
5836.5326 14.804
5838.6813 14.792
5840.8299 14.812
5842.9785 14.828
5845.1271 14.835
5847.2757 14.835
5849.4243 14.833
5851.5729 14.820
5853.7216 14.826
5855.8702 14.850
5858.0188 14.858
5860.1674 14.863
5862.3160 14.863
5864.4646 14.862
5866.6133 14.860
5868.7619 14.851
5870.9105 14.866
5873.0591 14.910
5875.2077 14.930
5877.3563 14.947
5879.5050 14.966
5881.6536 15.016
5883.8022 15.087
5885.9508 15.146
5888.0994 15.166
5890.2480 15.125
5892.3966 15.065
5894.5453 15.009
5896.6939 14.999
5898.8425 14.995
5900.9911 14.996
5903.1397 14.958
5905.2883 14.922
5907.4370 14.894
5909.5856 14.900
5911.7342 14.914
5913.8828 14.878
5916.0314 14.856
5918.1800 14.850
5920.3287 14.852
5922.4773 14.851
5924.6259 14.836
5926.7745 14.840
5928.9231 14.854
5931.0717 14.852
5933.2203 14.838
5935.3690 14.809
5937.5176 14.800
5939.6662 14.805
5941.8148 14.842
5943.9634 14.861
5946.1120 14.867
5948.2607 14.869
5950.4093 14.879
5952.5579 14.901
5954.7065 14.899
5956.8551 14.889
5959.0037 14.876
5961.1524 14.876
5963.3010 14.886
5965.4496 14.871
5967.5982 14.857
5969.7468 14.850
5971.8954 14.851
5974.0440 14.853
5976.1927 14.846
5978.3413 14.845
5980.4899 14.850
5982.6385 14.869
5984.7871 14.879
5986.9357 14.861
5989.0844 14.835
5991.2330 14.806
5993.3816 14.826
5995.5302 14.838
5997.6788 14.840
5999.8274 14.841
6001.9761 14.846
6004.1247 14.865
6006.2733 14.872
6008.4219 14.870
6010.5705 14.861
6012.7191 14.854
6014.8677 14.847
6017.0164 14.843
6019.1650 14.836
6021.3136 14.809
6023.4622 14.788
6025.6108 14.774
6027.7594 14.810
6029.9081 14.840
6032.0567 14.847
6034.2053 14.833
6036.3539 14.810
6038.5025 14.794
6040.6511 14.791
6042.7998 14.804
6044.9484 14.811
6047.0970 14.808
6049.2456 14.776
6051.3942 14.760
6053.5428 14.754
6055.6914 14.769
6057.8401 14.787
6059.9887 14.809
6062.1373 14.794
6064.2859 14.777
6066.4345 14.788
6068.5831 14.794
6070.7318 14.798
6072.8804 14.764
6075.0290 14.746
6077.1776 14.760
6079.3262 14.765
6081.4748 14.764
6083.6235 14.742
6085.7721 14.742
6087.9207 14.761
6090.0693 14.779
6092.2179 14.786
6094.3665 14.768
6096.5151 14.772
6098.6638 14.785
6100.8124 14.790
6102.9610 14.789
6105.1096 14.781
6107.2582 14.767
6109.4068 14.755
6111.5555 14.753
6113.7041 14.762
6115.8527 14.778
6118.0013 14.793
6120.1499 14.797
6122.2985 14.783
6124.4472 14.755
6126.5958 14.737
6128.7444 14.784
6130.8930 14.802
6133.0416 14.797
6135.1902 14.780
6137.3388 14.764
6139.4875 14.750
6141.6361 14.749
6143.7847 14.758
6145.9333 14.800
6148.0819 14.815
6150.2305 14.805
6152.3792 14.824
6154.5278 14.852
6156.6764 14.895
6158.8250 14.929
6160.9736 14.956
6163.1222 14.973
6165.2709 14.972
6167.4195 14.950
6169.5681 14.922
6171.7167 14.901
6173.8653 14.907
6176.0139 14.894
6178.1625 14.868
6180.3112 14.894
6182.4598 14.921
6184.6084 14.950
6186.7570 14.941
6188.9056 14.926
6191.0542 14.925
6193.2029 14.908
6195.3515 14.878
6197.5001 14.895
6199.6487 14.906
6201.7973 14.903
6203.9459 14.893
6206.0946 14.889
6208.2432 14.939
6210.3918 14.955
6212.5404 14.939
6214.6890 14.987
6216.8376 15.032
6218.9862 15.047
6221.1349 15.040
6223.2835 15.022
6225.4321 15.038
6227.5807 15.048
6229.7293 15.052
6231.8779 15.009
6234.0266 14.961
6236.1752 14.930
6238.3238 14.929
6240.4724 14.948
6242.6210 14.953
6244.7696 14.950
6246.9183 14.932
6249.0669 14.932
6251.2155 14.933
6253.3641 14.909
6255.5127 14.916
6257.6613 14.948
6259.8099 14.923
6261.9586 14.907
6264.1072 14.917
6266.2558 14.917
6268.4044 14.919
6270.5530 14.960
6272.7016 14.965
6274.8503 14.932
6276.9989 14.943
6279.1475 14.951
6281.2961 14.931
6283.4447 14.926
6285.5933 14.927
6287.7420 14.910
6289.8906 14.874
6292.0392 14.810
6294.1878 14.812
6296.3364 14.818
6298.4850 14.786
6300.6336 14.797
6302.7823 14.836
6304.9309 14.792
6307.0795 14.777
6309.2281 14.813
6311.3767 14.825
6313.5253 14.831
6315.6740 14.842
6317.8226 14.856
6319.9712 14.873
6322.1198 14.850
6324.2684 14.831
6326.4170 14.828
6328.5657 14.810
6330.7143 14.786
6332.8629 14.771
6335.0115 14.772
6337.1601 14.791
6339.3087 14.791
6341.4573 14.790
6343.6060 14.792
6345.7546 14.792
6347.9032 14.792
6350.0518 14.794
6352.2004 14.807
6354.3490 14.835
6356.4977 14.816
6358.6463 14.793
6360.7949 14.799
6362.9435 14.799
6365.0921 14.793
6367.2407 14.810
6369.3894 14.826
6371.5380 14.838
6373.6866 14.821
6375.8352 14.803
6377.9838 14.832
6380.1324 14.845
6382.2810 14.845
6384.4297 14.844
6386.5783 14.838
6388.7269 14.816
6390.8755 14.809
6393.0241 14.808
6395.1727 14.804
6397.3214 14.783
6399.4700 14.743
6401.6186 14.744
6403.7672 14.739
6405.9158 14.695
6408.0644 14.692
6410.2131 14.711
6412.3617 14.693
6414.5103 14.683
6416.6589 14.686
6418.8075 14.699
6420.9561 14.713
6423.1047 14.717
6425.2534 14.744
6427.4020 14.788
6429.5506 14.778
6431.6992 14.757
6433.8478 14.722
6435.9964 14.712
6438.1451 14.711
6440.2937 14.706
6442.4423 14.729
6444.5909 14.777
6446.7395 14.766
6448.8881 14.749
6451.0368 14.735
6453.1854 14.738
6455.3340 14.752
6457.4826 14.797
6459.6312 14.803
6461.7798 14.764
6463.9284 14.723
6466.0771 14.691
6468.2257 14.690
6470.3743 14.678
6472.5229 14.660
6474.6715 14.685
6476.8201 14.702
6478.9688 14.707
6481.1174 14.717
6483.2660 14.727
6485.4146 14.737
6487.5632 14.726
6489.7118 14.699
6491.8605 14.710
6494.0091 14.712
6496.1577 14.690
6498.3063 14.691
6500.4549 14.698
6502.6035 14.694
6504.7522 14.682
6506.9008 14.665
6509.0494 14.682
6511.1980 14.700
6513.3466 14.709
6515.4952 14.698
6517.6438 14.678
6519.7925 14.671
6521.9411 14.666
6524.0897 14.663
6526.2383 14.658
6528.3869 14.658
6530.5355 14.675
6532.6842 14.683
6534.8328 14.687
6536.9814 14.675
6539.1300 14.667
6541.2786 14.664
6543.4272 14.652
6545.5759 14.642
6547.7245 14.648
6549.8731 14.679
6552.0217 14.729
6554.1703 14.739
6556.3189 14.740
6558.4675 14.730
6560.6162 14.759
6562.7648 14.798
6564.9134 14.795
6567.0620 14.790
6569.2106 14.784
6571.3592 14.759
6573.5079 14.729
6575.6565 14.690
6577.8051 14.692
6579.9537 14.713
6582.1023 14.709
6584.2509 14.710
6586.3996 14.716
6588.5482 14.696
6590.6968 14.671
6592.8454 14.646
6594.9940 14.643
6597.1426 14.652
6599.2912 14.613
6601.4399 14.586
6603.5885 14.580
6605.7371 14.609
6607.8857 14.643
6610.0343 14.655
6612.1829 14.664
6614.3316 14.672
6616.4802 14.641
6618.6288 14.620
6620.7774 14.621
6622.9260 14.628
6625.0746 14.639
6627.2233 14.666
6629.3719 14.666
6631.5205 14.636
6633.6691 14.655
6635.8177 14.679
6637.9663 14.692
6640.1149 14.681
6642.2636 14.656
6644.4122 14.613
6646.5608 14.596
6648.7094 14.614
6650.8580 14.631
6653.0066 14.642
6655.1553 14.629
6657.3039 14.654
6659.4525 14.704
6661.6011 14.728
6663.7497 14.743
6665.8983 14.744
6668.0470 14.730
6670.1956 14.715
6672.3442 14.721
6674.4928 14.726
6676.6414 14.731
6678.7900 14.741
6680.9386 14.744
6683.0873 14.733
6685.2359 14.709
6687.3845 14.683
6689.5331 14.690
6691.6817 14.700
6693.8303 14.715
6695.9790 14.735
6698.1276 14.756
6700.2762 14.778
6702.4248 14.774
6704.5734 14.756
6706.7220 14.786
6708.8707 14.810
6711.0193 14.829
6713.1679 14.819
6715.3165 14.797
6717.4651 14.752
6719.6137 14.719
6721.7623 14.696
6723.9110 14.719
6726.0596 14.756
6728.2082 14.815
6730.3568 14.821
6732.5054 14.812
6734.6540 14.829
6736.8027 14.830
6738.9513 14.817
6741.0999 14.777
6743.2485 14.758
6745.3971 14.795
6747.5457 14.815
6749.6944 14.825
6751.8430 14.812
6753.9916 14.795
6756.1402 14.772
6758.2888 14.770
6760.4374 14.772
6762.5860 14.779
6764.7347 14.786
6766.8833 14.794
6769.0319 14.808
6771.1805 14.819
6773.3291 14.826
6775.4777 14.813
6777.6264 14.797
6779.7750 14.799
6781.9236 14.801
6784.0722 14.805
6786.2208 14.780
6788.3694 14.770
6790.5181 14.790
6792.6667 14.788
6794.8153 14.778
6796.9639 14.753
6799.1125 14.771
6801.2611 14.828
6803.4097 14.827
6805.5584 14.815
6807.7070 14.796
6809.8556 14.774
6812.0042 14.753
6814.1528 14.754
6816.3014 14.750
6818.4501 14.740
6820.5987 14.733
6822.7473 14.732
6824.8959 14.752
6827.0445 14.776
6829.1931 14.802
6831.3418 14.727
6833.4904 14.716
6835.6390 14.803
6837.7876 14.834
6839.9362 14.847
6842.0848 14.850
6844.2334 14.837
6846.3821 14.809
6848.5307 14.843
6850.6793 14.861
6852.8279 14.840
6854.9765 14.853
6857.1251 14.879
6859.2738 14.914
6861.4224 14.937
6863.5710 14.950
6865.7196 14.986
6867.8682 15.007
6870.0168 14.981
6872.1655 14.997
6874.3141 15.030
6876.4627 15.003
6878.6113 14.949
6880.7599 14.859
6882.9085 14.865
6885.0571 14.892
6887.2058 14.926
6889.3544 14.917
6891.5030 14.879
6893.6516 14.814
6895.8002 14.786
6897.9488 14.816
6900.0975 14.790
6902.2461 14.754
6904.3947 14.750
6906.5433 14.768
6908.6919 14.804
6910.8405 14.837
6912.9892 14.855
6915.1378 14.845
6917.2864 14.782
6919.4350 14.710
6921.5836 14.738
6923.7322 14.761
6925.8808 14.778
6928.0295 14.755
6930.1781 14.730
6932.3267 14.713
6934.4753 14.703
6936.6239 14.695
6938.7725 14.641
6940.9212 14.602
6943.0698 14.582
6945.2184 14.580
6947.3670 14.577
6949.5156 14.560
6951.6642 14.578
6953.8129 14.617
6955.9615 14.587
6958.1101 14.582
6960.2587 14.620
6962.4073 14.662
6964.5559 14.696
6966.7045 14.672
6968.8532 14.660
6971.0018 14.659
6973.1504 14.599
6975.2990 14.558
6977.4476 14.571
6979.5962 14.585
6981.7449 14.597
6983.8935 14.588
6986.0421 14.594
6988.1907 14.618
6990.3393 14.592
6992.4879 14.579
6994.6366 14.623
6996.7852 14.649
6998.9338 14.665
7001.0824 14.710
7003.2310 14.710
7005.3796 14.647
7007.5282 14.631
7009.6769 14.635
7011.8255 14.682
7013.9741 14.699
7016.1227 14.696
7018.2713 14.642
7020.4199 14.583
7022.5686 14.517
7024.7172 14.498
7026.8658 14.503
7029.0144 14.559
7031.1630 14.559
7033.3116 14.508
7035.4603 14.486
7037.6089 14.488
7039.7575 14.537
7041.9061 14.547
7044.0547 14.542
7046.2033 14.550
7048.3519 14.581
7050.5006 14.640
7052.6492 14.643
7054.7978 14.639
7056.9464 14.644
7059.0950 14.652
7061.2436 14.661
7063.3923 14.643
7065.5409 14.625
7067.6895 14.607
7069.8381 14.569
7071.9867 14.540
7074.1353 14.567
7076.2840 14.618
7078.4326 14.684
7080.5812 14.714
7082.7298 14.732
7084.8784 14.730
7087.0270 14.706
7089.1756 14.678
7091.3243 14.681
7093.4729 14.682
7095.6215 14.680
7097.7701 14.700
7099.9187 14.724
7102.0673 14.750
7104.2160 14.741
7106.3646 14.718
7108.5132 14.712
7110.6618 14.669
7112.8104 14.584
7114.9590 14.589
7117.1077 14.615
7119.2563 14.658
7121.4049 14.715
7123.5535 14.780
7125.7021 14.846
7127.8507 14.867
7129.9993 14.822
7132.1480 14.815
7134.2966 14.811
7136.4452 14.782
7138.5938 14.778
7140.7424 14.793
7142.8910 14.802
7145.0397 14.807
7147.1883 14.806
7149.3369 14.781
7151.4855 14.758
7153.6341 14.812
7155.7827 14.820
7157.9314 14.785
7160.0800 14.785
7162.2286 14.793
7164.3772 14.813
7166.5258 14.780
7168.6744 14.731
7170.8230 14.816
7172.9717 14.861
7175.1203 14.859
7177.2689 14.863
7179.4175 14.853
7181.5661 14.789
7183.7147 14.830
7185.8634 14.937
7188.0120 14.875
7190.1606 14.836
7192.3092 14.835
7194.4578 14.934
7196.6064 15.039
7198.7551 15.029
7200.9037 14.983
7203.0523 14.908
7205.2009 14.935
7207.3495 14.938
7209.4981 14.884
7211.6467 14.779
7213.7954 14.673
7215.9440 14.725
7218.0926 14.753
7220.2412 14.756
7222.3898 14.766
7224.5384 14.768
7226.6871 14.748
7228.8357 14.763
7230.9843 14.793
7233.1329 14.779
7235.2815 14.784
7237.4301 14.813
7239.5788 14.800
7241.7274 14.775
7243.8760 14.738
7246.0246 14.748
7248.1732 14.788
7250.3218 14.814
7252.4704 14.845
7254.6191 14.884
7256.7677 14.854
7258.9163 14.802
7261.0649 14.749
7263.2135 14.673
7265.3621 14.580
7267.5108 14.660
7269.6594 14.732
7271.8080 14.764
7273.9566 14.759
7276.1052 14.741
7278.2538 14.747
7280.4025 14.745
7282.5511 14.734
7284.6997 14.645
7286.8483 14.584
7288.9969 14.630
7291.1455 14.672
7293.2941 14.713
7295.4428 14.799
7297.5914 14.818
7299.7400 14.749
7301.8886 14.712
7304.0372 14.684
7306.1858 14.660
7308.3345 14.640
7310.4831 14.625
7312.6317 14.629
7314.7803 14.620
7316.9289 14.589
7319.0775 14.604
7321.2262 14.630
7323.3748 14.623
7325.5234 14.610
7327.6720 14.592
7329.8206 14.671
7331.9692 14.717
7334.1178 14.669
7336.2665 14.648
7338.4151 14.639
7340.5637 14.657
7342.7123 14.648
7344.8609 14.610
7347.0095 14.648
7349.1582 14.693
7351.3068 14.723
7353.4554 14.740
7355.6040 14.746
7357.7526 14.696
7359.9012 14.663
7362.0499 14.653
7364.1985 14.600
7366.3471 14.551
7368.4957 14.562
7370.6443 14.597
7372.7929 14.650
7374.9415 14.693
7377.0902 14.718
7379.2388 14.713
7381.3874 14.674
7383.5360 14.629
7385.6846 14.610
7387.8332 14.637
7389.9819 14.704
7392.1305 14.616
7394.2791 14.571
7396.4277 14.657
7398.5763 14.667
7400.7249 14.642
7402.8736 14.603
7405.0222 14.630
7407.1708 14.729
7409.3194 14.734
7411.4680 14.728
7413.6166 14.738
7415.7652 14.728
7417.9139 14.707
7420.0625 14.704
7422.2111 14.722
7424.3597 14.771
7426.5083 14.767
7428.6569 14.749
7430.8056 14.730
7432.9542 14.709
7435.1028 14.687
7437.2514 14.655
7439.4000 14.649
7441.5486 14.693
7443.6973 14.733
7445.8459 14.758
7447.9945 14.692
7450.1431 14.634
7452.2917 14.583
7454.4403 14.605
7456.5889 14.625
7458.7376 14.622
7460.8862 14.621
7463.0348 14.621
7465.1834 14.626
7467.3320 14.625
7469.4806 14.617
7471.6293 14.628
7473.7779 14.634
7475.9265 14.605
7478.0751 14.595
7480.2237 14.597
7482.3723 14.610
7484.5210 14.624
7486.6696 14.639
7488.8182 14.667
7490.9668 14.700
7493.1154 14.744
7495.2640 14.781
7497.4126 14.812
7499.5613 14.817
7501.7099 14.785
7503.8585 14.683
7506.0071 14.652
7508.1557 14.651
7510.3043 14.668
7512.4530 14.674
7514.6016 14.669
7516.7502 14.657
7518.8988 14.648
7521.0474 14.647
7523.1960 14.633
7525.3447 14.618
7527.4933 14.657
7529.6419 14.712
7531.7905 14.790
7533.9391 14.771
7536.0877 14.740
7538.2363 14.733
7540.3850 14.700
7542.5336 14.648
7544.6822 14.686
7546.8308 14.706
7548.9794 14.700
7551.1280 14.629
7553.2767 14.557
7555.4253 14.577
7557.5739 14.612
7559.7225 14.660
7561.8711 14.712
7564.0197 14.740
7566.1684 14.720
7568.3170 14.769
7570.4656 14.835
7572.6142 14.822
7574.7628 14.787
7576.9114 14.732
7579.0601 14.715
7581.2087 14.726
7583.3573 14.799
7585.5059 14.832
7587.6545 14.843
7589.8031 14.813
7591.9517 14.908
7594.1004 15.165
7596.2490 15.389
7598.3976 15.540
7600.5462 15.450
7602.6948 15.494
7604.8434 15.626
7606.9921 15.460
7609.1407 15.322
7611.2893 15.238
7613.4379 15.175
7615.5865 15.121
7617.7351 15.077
7619.8838 15.156
7622.0324 15.339
7624.1810 15.373
7626.3296 15.368
7628.4782 15.304
7630.6268 15.211
7632.7754 15.125
7634.9241 15.217
7637.0727 15.182
7639.2213 15.012
7641.3699 15.030
7643.5185 15.081
7645.6671 15.151
7647.8158 15.130
7649.9644 15.056
7652.1130 14.939
7654.2616 14.861
7656.4102 14.837
7658.5588 14.887
7660.7075 14.931
7662.8561 14.883
7665.0047 14.819
7667.1533 14.745
7669.3019 14.728
7671.4505 14.719
7673.5991 14.722
7675.7478 14.706
7677.8964 14.690
7680.0450 14.708
7682.1936 14.687
7684.3422 14.634
7686.4908 14.672
7688.6395 14.711
7690.7881 14.734
7692.9367 14.760
7695.0853 14.786
7697.2339 14.794
7699.3825 14.852
7701.5312 14.964
7703.6798 14.930
7705.8284 14.903
7707.9770 14.962
7710.1256 14.924
7712.2742 14.829
7714.4228 14.669
7716.5715 14.617
7718.7201 14.719
7720.8687 14.820
7723.0173 14.882
7725.1659 14.778
7727.3145 14.742
7729.4632 14.755
7731.6118 14.770
7733.7604 14.771
7735.9090 14.745
7738.0576 14.761
7740.2062 14.793
7742.3549 14.825
7744.5035 14.814
7746.6521 14.763
7748.8007 14.764
7750.9493 14.782
7753.0979 14.829
7755.2465 14.757
7757.3952 14.638
7759.5438 14.626
7761.6924 14.579
7763.8410 14.495
7765.9896 14.500
7768.1382 14.543
7770.2869 14.655
7772.4355 14.693
7774.5841 14.689
7776.7327 14.740
7778.8813 14.733
7781.0299 14.640
7783.1786 14.623
7785.3272 14.639
7787.4758 14.712
7789.6244 14.722
7791.7730 14.686
7793.9216 14.709
7796.0702 14.763
7798.2189 14.866
7800.3675 14.794
7802.5161 14.668
7804.6647 14.610
7806.8133 14.653
7808.9619 14.792
7811.1106 14.905
7813.2592 14.943
7815.4078 14.806
7817.5564 14.703
7819.7050 14.620
7821.8536 14.573
7824.0023 14.617
7826.1509 14.769
7828.2995 14.960
7830.4481 15.069
7832.5967 14.877
7834.7453 14.702
7836.8939 14.538
7839.0426 14.558
7841.1912 14.633
7843.3398 14.790
7845.4884 14.921
7847.6370 15.015
7849.7856 14.961
7851.9343 14.859
7854.0829 14.717
7856.2315 14.794
7858.3801 14.922
7860.5287 15.130
7862.6773 14.977
7864.8260 14.731
7866.9746 14.814
7869.1232 14.801
7871.2718 14.693
7873.4204 14.594
7875.5690 14.551
7877.7176 14.647
7879.8663 14.718
7882.0149 14.777
7884.1635 14.865
7886.3121 14.923
7888.4607 14.942
7890.6093 14.745
7892.7580 14.571
7894.9066 14.632
7897.0552 14.702
7899.2038 14.778
7901.3524 14.626
7903.5010 14.498
7905.6497 14.409
7907.7983 14.357
7909.9469 14.337
7912.0955 14.415
7914.2441 14.550
7916.3927 14.732
7918.5413 14.559
7920.6900 14.487
7922.8386 14.669
7924.9872 14.652
7927.1358 14.591
7929.2844 14.846
7931.4330 14.936
7933.5817 14.854
7935.7303 14.838
7937.8789 14.764
7940.0275 14.507
7942.1761 14.538
7944.3247 14.710
7946.4734 14.688
7948.6220 14.611
7950.7706 14.459
7952.9192 14.493
7955.0678 14.547
7957.2164 14.528
7959.3650 14.466
7961.5137 14.373
7963.6623 14.540
7965.8109 14.675
7967.9595 14.752
7970.1081 14.630
7972.2567 14.475
7974.4054 14.474
7976.5540 14.453
7978.7026 14.412
7980.8512 14.398
7982.9998 14.474
7985.1484 14.740
7987.2971 14.828
7989.4457 14.817
7991.5943 14.556
7993.7429 14.515
7995.8915 14.709
7998.0401 14.665
8000.1887 14.703
8002.3374 15.081
8004.4860 15.039
8006.6346 14.770
8008.7832 14.611
8010.9318 14.702
8013.0804 15.138
8015.2291 14.884
8017.3777 14.575
8019.5263 14.691
8021.6749 14.717
8023.8235 14.680
8025.9721 14.736
8028.1208 14.800
8030.2694 14.872
8032.4180 14.933
8034.5666 14.982
8036.7152 14.981
8038.8638 14.982
8041.0124 14.984
8043.1611 15.133
8045.3097 15.161
8047.4583 14.883
8049.6069 14.980
8051.7555 15.203
8053.9041 14.991
8056.0528 14.930
8058.2014 15.041
8060.3500 15.444
8062.4986 15.647
8064.6472 15.091
8066.7958 14.884
8068.9445 14.880
8071.0931 14.980
8073.2417 15.078
8075.3903 15.173
8077.5389 15.168
8079.6875 15.171
8081.8361 15.316
8083.9848 15.412
8086.1334 15.470
8088.2820 15.272
8090.4306 15.142
8092.5792 15.152
8094.7278 15.264
8096.8765 15.441
8099.0251 15.818
8101.1737 15.871
8103.3223 15.624
8105.4709 15.692
8107.6195 15.757
8109.7682 15.741
8111.9168 15.673
8114.0654 15.584
8116.2140 15.522
8118.3626 15.436
8120.5112 15.322
8122.6598 15.307
8124.8085 15.373
8126.9571 15.637
8129.1057 15.915
8131.2543 16.191
8133.4029 15.829
8135.5515 15.685
8137.7002 15.865
8139.8488 15.822
8141.9974 15.738
8144.1460 15.742
8146.2946 15.952
8148.4432 16.321
8150.5919 16.683
8152.7405 16.752
8154.8891 16.260
8157.0377 16.233
8159.1863 16.372
8161.3349 16.483
8163.4835 16.535
8165.6322 16.531
8167.7808 16.479
8169.9294 16.481
8172.0780 16.633
8174.2266 16.948
8176.3752 17.304
8178.5239 17.081
8180.6725 17.636
8182.8211 19.140
8184.9697 19.384
8187.1183 19.075
8189.2669 17.705
8191.4156 18.019
8193.5642  0.000
