2703.8508  0.000
2705.9331  0.000
2708.0153  0.000
2710.0976  0.000
2712.1799  0.000
2714.2622  0.000
2716.3444  0.000
2718.4267  0.000
2720.5090  0.000
2722.5912  0.000
2724.6735  0.000
2726.7558  0.000
2728.8381  0.000
2730.9203  0.000
2733.0026  0.000
2735.0849  0.000
2737.1671  0.000
2739.2494  0.000
2741.3317  0.000
2743.4139  0.000
2745.4962  0.000
2747.5785  0.000
2749.6608  0.000
2751.7430  0.000
2753.8253  0.000
2755.9076  0.000
2757.9898  0.000
2760.0721  0.000
2762.1544  0.000
2764.2367  0.000
2766.3189  0.000
2768.4012  0.000
2770.4835  0.000
2772.5657  0.000
2774.6480  0.000
2776.7303  0.000
2778.8126  0.000
2780.8948  0.000
2782.9771  0.000
2785.0594  0.000
2787.1416  0.000
2789.2239  0.000
2791.3062  0.000
2793.3884  0.000
2795.4707  0.000
2797.5530  0.000
2799.6353  0.000
2801.7175  0.000
2803.7998  0.000
2805.8821  0.000
2807.9643  0.000
2810.0466  0.000
2812.1289  0.000
2814.2112  0.000
2816.2934  0.000
2818.3757  0.000
2820.4580  0.000
2822.5402  0.000
2824.6225  0.000
2826.7048  0.000
2828.7871  0.000
2830.8693  0.000
2832.9516  0.000
2835.0339  0.000
2837.1161  0.000
2839.1984  0.000
2841.2807  0.000
2843.3630  0.000
2845.4452  0.000
2847.5275  0.000
2849.6098  0.000
2851.6920  0.000
2853.7743  0.000
2855.8566  0.000
2857.9388  0.000
2860.0211  0.000
2862.1034  0.000
2864.1857  0.000
2866.2679  0.000
2868.3502  0.000
2870.4325  0.000
2872.5147  0.000
2874.5970  0.000
2876.6793  0.000
2878.7616  0.000
2880.8438  0.000
2882.9261  0.000
2885.0084  0.000
2887.0906  0.000
2889.1729  0.000
2891.2552  0.000
2893.3375  0.000
2895.4197  0.000
2897.5020  0.000
2899.5843  0.000
2901.6665  0.000
2903.7488  0.000
2905.8311  0.000
2907.9133  0.000
2909.9956  0.000
2912.0779  0.000
2914.1602  0.000
2916.2424  0.000
2918.3247  0.000
2920.4070  0.000
2922.4892  0.000
2924.5715  0.000
2926.6538  0.000
2928.7361  0.000
2930.8183  0.000
2932.9006  0.000
2934.9829  0.000
2937.0651  0.000
2939.1474  0.000
2941.2297  0.000
2943.3120  0.000
2945.3942  0.000
2947.4765  0.000
2949.5588  0.000
2951.6410  0.000
2953.7233  0.000
2955.8056  0.000
2957.8878  0.000
2959.9701  0.000
2962.0524  0.000
2964.1347  0.000
2966.2169  0.000
2968.2992  0.000
2970.3815  0.000
2972.4637  0.000
2974.5460  0.000
2976.6283  0.000
2978.7106  0.000
2980.7928  0.000
2982.8751  0.000
2984.9574  0.000
2987.0396  0.000
2989.1219  0.000
2991.2042  0.000
2993.2865  0.000
2995.3687  0.000
2997.4510  0.000
2999.5333  0.000
3001.6155  0.000
3003.6978  0.000
3005.7801  0.000
3007.8624  0.000
3009.9446  0.000
3012.0269  0.000
3014.1092  0.000
3016.1914  0.000
3018.2737  0.000
3020.3560  0.000
3022.4382  0.000
3024.5205  0.000
3026.6028  0.000
3028.6851  0.000
3030.7673  0.000
3032.8496  0.000
3034.9319  0.000
3037.0141  0.000
3039.0964  0.000
3041.1787  0.000
3043.2610  0.000
3045.3432  0.000
3047.4255  0.000
3049.5078  0.000
3051.5900  0.000
3053.6723  0.000
3055.7546  0.000
3057.8369  0.000
3059.9191  0.000
3062.0014  0.000
3064.0837  0.000
3066.1659  0.000
3068.2482  0.000
3070.3305  0.000
3072.4127  0.000
3074.4950  0.000
3076.5773  0.000
3078.6596  0.000
3080.7418  0.000
3082.8241  0.000
3084.9064  0.000
3086.9886  0.000
3089.0709  0.000
3091.1532  0.000
3093.2355  0.000
3095.3177  0.000
3097.4000  0.000
3099.4823  0.000
3101.5645  0.000
3103.6468  0.000
3105.7291  0.000
3107.8114  0.000
3109.8936  0.000
3111.9759  0.000
3114.0582  0.000
3116.1404  0.000
3118.2227  0.000
3120.3050  0.000
3122.3873  0.000
3124.4695  0.000
3126.5518  0.000
3128.6341  0.000
3130.7163  0.000
3132.7986  0.000
3134.8809  0.000
3136.9631  0.000
3139.0454  0.000
3141.1277  0.000
3143.2100  0.000
3145.2922  0.000
3147.3745  0.000
3149.4568  0.000
3151.5390  0.000
3153.6213  0.000
3155.7036  0.000
3157.7859  0.000
3159.8681  0.041
3161.9504 -0.190
3164.0327  0.540
3166.1149 13.758
3168.1972 13.753
3170.2795 13.748
3172.3618 13.743
3174.4440 13.738
3176.5263 13.691
3178.6086 13.675
3180.6908 13.706
3182.7731 13.724
3184.8554 13.715
3186.9376 13.706
3189.0199 13.715
3191.1022 13.731
3193.1845 13.745
3195.2667 13.747
3197.3490 13.741
3199.4313 13.741
3201.5135 13.752
3203.5958 13.779
3205.6781 13.801
3207.7604 13.778
3209.8426 13.738
3211.9249 13.737
3214.0072 13.763
3216.0894 13.773
3218.1717 13.744
3220.2540 13.710
3222.3363 13.720
3224.4185 13.721
3226.5008 13.711
3228.5831 13.733
3230.6653 13.745
3232.7476 13.737
3234.8299 13.741
3236.9122 13.746
3238.9944 13.767
3241.0767 13.802
3243.1590 13.833
3245.2412 13.835
3247.3235 13.815
3249.4058 13.801
3251.4880 13.801
3253.5703 13.807
3255.6526 13.811
3257.7349 13.805
3259.8171 13.793
3261.8994 13.767
3263.9817 13.753
3266.0639 13.771
3268.1462 13.800
3270.2285 13.802
3272.3108 13.775
3274.3930 13.758
3276.4753 13.767
3278.5576 13.777
3280.6398 13.783
3282.7221 13.793
3284.8044 13.793
3286.8867 13.777
3288.9689 13.772
3291.0512 13.794
3293.1335 13.800
3295.2157 13.786
3297.2980 13.764
3299.3803 13.764
3301.4625 13.770
3303.5448 13.770
3305.6271 13.782
3307.7094 13.762
3309.7916 13.759
3311.8739 13.785
3313.9562 13.758
3316.0384 13.756
3318.1207 13.762
3320.2030 13.764
3322.2853 13.763
3324.3675 13.768
3326.4498 13.782
3328.5321 13.794
3330.6143 13.792
3332.6966 13.781
3334.7789 13.754
3336.8612 13.759
3338.9434 13.771
3341.0257 13.757
3343.1080 13.754
3345.1902 13.768
3347.2725 13.783
3349.3548 13.800
3351.4370 13.798
3353.5193 13.773
3355.6016 13.767
3357.6839 13.771
3359.7661 13.762
3361.8484 13.778
3363.9307 13.750
3366.0129 13.735
3368.0952 13.746
3370.1775 13.756
3372.2598 13.778
3374.3420 13.806
3376.4243 13.788
3378.5066 13.810
3380.5888 13.792
3382.6711 13.768
3384.7534 13.764
3386.8357 13.776
3388.9179 13.773
3391.0002 13.752
3393.0825 13.765
3395.1647 13.767
3397.2470 13.772
3399.3293 13.778
3401.4116 13.780
3403.4938 13.778
3405.5761 13.800
3407.6584 13.807
3409.7406 13.796
3411.8229 13.797
3413.9052 13.807
3415.9874 13.811
3418.0697 13.807
3420.1520 13.814
3422.2343 13.838
3424.3165 13.850
3426.3988 13.814
3428.4811 13.797
3430.5633 13.804
3432.6456 13.818
3434.7279 13.806
3436.8102 13.832
3438.8924 13.854
3440.9747 13.856
3443.0570 13.824
3445.1392 13.842
3447.2215 13.826
3449.3038 13.822
3451.3861 13.847
3453.4683 13.845
3455.5506 13.845
3457.6329 13.847
3459.7151 13.829
3461.7974 13.821
3463.8797 13.822
3465.9619 13.830
3468.0442 13.834
3470.1265 13.844
3472.2088 13.843
3474.2910 13.832
3476.3733 13.830
3478.4556 13.845
3480.5378 13.865
3482.6201 13.859
3484.7024 13.845
3486.7847 13.833
3488.8669 13.832
3490.9492 13.855
3493.0315 13.859
3495.1137 13.865
3497.1960 13.858
3499.2783 13.879
3501.3606 13.903
3503.4428 13.902
3505.5251 13.884
3507.6074 13.874
3509.6896 13.854
3511.7719 13.843
3513.8542 13.838
3515.9365 13.870
3518.0187 13.859
3520.1010 13.888
3522.1833 13.907
3524.2655 13.920
3526.3478 13.889
3528.4301 13.864
3530.5123 13.872
3532.5946 13.883
3534.6769 13.859
3536.7592 13.868
3538.8414 13.881
3540.9237 13.884
3543.0060 13.870
3545.0882 13.859
3547.1705 13.858
3549.2528 13.856
3551.3351 13.878
3553.4173 13.904
3555.4996 13.903
3557.5819 13.896
3559.6641 13.890
3561.7464 13.879
3563.8287 13.874
3565.9110 13.882
3567.9932 13.887
3570.0755 13.883
3572.1578 13.892
3574.2400 13.883
3576.3223 13.880
3578.4046 13.907
3580.4868 13.913
3582.5691 13.914
3584.6514 13.916
3586.7337 13.918
3588.8159 13.936
3590.8982 13.904
3592.9805 13.888
3595.0627 13.905
3597.1450 13.916
3599.2273 13.920
3601.3096 13.919
3603.3918 13.923
3605.4741 13.939
3607.5564 13.942
3609.6386 13.942
3611.7209 13.935
3613.8032 13.924
3615.8855 13.931
3617.9677 13.935
3620.0500 13.925
3622.1323 13.937
3624.2145 13.942
3626.2968 13.925
3628.3791 13.936
3630.4614 13.946
3632.5436 13.958
3634.6259 13.942
3636.7082 13.930
3638.7904 13.938
3640.8727 13.948
3642.9550 13.974
3645.0372 13.983
3647.1195 13.971
3649.2018 13.953
3651.2841 13.938
3653.3663 13.951
3655.4486 13.945
3657.5309 13.946
3659.6131 13.964
3661.6954 13.958
3663.7777 13.928
3665.8600 13.937
3667.9422 13.949
3670.0245 13.932
3672.1068 13.927
3674.1890 13.938
3676.2713 13.939
3678.3536 13.942
3680.4359 13.956
3682.5181 13.955
3684.6004 13.946
3686.6827 13.947
3688.7649 13.945
3690.8472 13.945
3692.9295 13.951
3695.0117 13.972
3697.0940 13.981
3699.1763 13.972
3701.2586 13.975
3703.3408 13.989
3705.4231 13.986
3707.5054 13.963
3709.5876 13.947
3711.6699 13.949
3713.7522 13.945
3715.8345 13.943
3717.9167 13.960
3719.9990 13.972
3722.0813 13.977
3724.1635 14.000
3726.2458 14.004
3728.3281 13.972
3730.4104 13.957
3732.4926 13.953
3734.5749 13.965
3736.6572 13.980
3738.7394 13.989
3740.8217 13.980
3742.9040 13.967
3744.9862 13.986
3747.0685 13.996
3749.1508 13.999
3751.2331 14.014
3753.3153 14.012
3755.3976 14.011
3757.4799 14.026
3759.5621 14.034
3761.6444 14.033
3763.7267 14.036
3765.8090 14.021
3767.8912 14.003
3769.9735 14.014
3772.0558 14.032
3774.1380 14.030
3776.2203 14.062
3778.3026 14.070
3780.3849 14.056
3782.4671 14.061
3784.5494 14.063
3786.6317 14.051
3788.7139 14.037
3790.7962 14.055
3792.8785 14.053
3794.9608 14.022
3797.0430 14.029
3799.1253 14.065
3801.2076 13.838
3803.2898 13.907
3805.3721 14.064
3807.4544 14.105
3809.5366 14.033
3811.6189 13.944
3813.7012 13.918
3815.7835 13.998
3817.8657 14.024
3819.9480 13.958
3822.0303 13.923
3824.1125 13.965
3826.1948 14.007
3828.2771 13.999
3830.3594 13.971
3832.4416 13.912
3834.5239 13.905
3836.6062 13.988
3838.6884 14.045
3840.7707 14.038
3842.8530 14.013
3844.9353 14.003
3847.0175 13.980
3849.0998 13.984
3851.1821 14.030
3853.2643 14.068
3855.3466 14.070
3857.4289 14.067
3859.5111 14.040
3861.5934 13.971
3863.6757 13.955
3865.7580 14.009
3867.8402 14.051
3869.9225 14.041
3872.0048 14.013
3874.0870 14.016
3876.1693 14.071
3878.2516 14.116
3880.3339 14.109
3882.4161 14.085
3884.4984 14.083
3886.5807 14.078
3888.6629 14.068
3890.7452 14.066
3892.8275 14.043
3894.9098 13.954
3896.9920 13.842
3899.0743 13.845
3901.1566 13.954
3903.2388 14.073
3905.3211 14.102
3907.4034 14.081
3909.4857 14.091
3911.5679 14.123
3913.6502 14.146
3915.7325 14.142
3917.8147 14.142
3919.8970 14.161
3921.9793 14.157
3924.0615 14.133
3926.1438 14.118
3928.2261 14.118
3930.3084 14.116
3932.3906 14.141
3934.4729 14.178
3936.5552 14.210
3938.6374 14.221
3940.7197 14.202
3942.8020 14.185
3944.8843 14.176
3946.9665 14.165
3949.0488 14.138
3951.1311 14.105
3953.2133 14.082
3955.2956 14.085
3957.3779 14.137
3959.4602 14.200
3961.5424 14.194
3963.6247 14.137
3965.7070 14.120
3967.7892 14.131
3969.8715 14.156
3971.9538 14.219
3974.0360 14.253
3976.1183 14.203
3978.2006 14.140
3980.2829 14.123
3982.3651 14.120
3984.4474 14.141
3986.5297 14.150
3988.6119 14.111
3990.6942 14.105
3992.7765 14.147
3994.8588 14.176
3996.9410 14.181
3999.0233 14.165
4001.1056 14.146
4003.1878 14.162
4005.2701 14.200
4007.3524 14.203
4009.4347 14.156
4011.5169 14.115
4013.5992 14.127
4015.6815 14.143
4017.7637 14.130
4019.8460 14.125
4021.9283 14.146
4024.0106 14.168
4026.0928 14.172
4028.1751 14.162
4030.2574 14.119
4032.3396 14.046
4034.4219 14.033
4036.5042 14.063
4038.5864 14.088
4040.6687 14.108
4042.7510 14.137
4044.8333 14.156
4046.9155 14.161
4048.9978 14.160
4051.0801 14.130
4053.1623 14.086
4055.2446 14.084
4057.3269 14.099
4059.4092 14.106
4061.4914 14.142
4063.5737 14.174
4065.6560 14.155
4067.7382 14.129
4069.8205 14.152
4071.9028 14.168
4073.9851 14.162
4076.0673 14.170
4078.1496 14.163
4080.2319 14.143
4082.3141 14.151
4084.3964 14.157
4086.4787 14.153
4088.5609 14.176
4090.6432 14.191
4092.7255 14.200
4094.8078 14.233
4096.8900 14.264
4098.9723 14.258
4101.0546 14.238
4103.1368 14.239
4105.2191 14.235
4107.3014 14.222
4109.3837 14.237
4111.4659 14.251
4113.5482 14.227
4115.6305 14.180
4117.7127 14.157
4119.7950 14.152
4121.8773 14.151
4123.9596 14.149
4126.0418 14.139
4128.1241 14.115
4130.2064 14.112
4132.2886 14.127
4134.3709 14.146
4136.4532 14.152
4138.5355 14.160
4140.6177 14.167
4142.7000 14.172
4144.7823 14.166
4146.8645 14.126
4148.9468 14.096
4151.0291 14.118
4153.1113 14.166
4155.1936 14.207
4157.2759 14.220
4159.3582 14.218
4161.4404 14.206
4163.5227 14.186
4165.6050 14.185
4167.6872 14.176
4169.7695 14.152
4171.8518 14.150
4173.9341 14.160
4176.0163 14.165
4178.0986 14.169
4180.1809 14.189
4182.2631 14.205
4184.3454 14.196
4186.4277 14.207
4188.5100 14.223
4190.5922 14.218
4192.6745 14.222
4194.7568 14.219
4196.8390 14.202
4198.9213 14.191
4201.0036 14.221
4203.0858 14.232
4205.1681 14.214
4207.2504 14.211
4209.3327 14.194
4211.4149 14.150
4213.4972 14.133
4215.5795 14.155
4217.6617 14.182
4219.7440 14.197
4221.8263 14.232
4223.9086 14.275
4225.9908 14.270
4228.0731 14.244
4230.1554 14.228
4232.2376 14.215
4234.3199 14.222
4236.4022 14.246
4238.4845 14.229
4240.5667 14.180
4242.6490 14.170
4244.7313 14.190
4246.8135 14.194
4248.8958 14.191
4250.9781 14.215
4253.0603 14.243
4255.1426 14.244
4257.2249 14.237
4259.3072 14.251
4261.3894 14.256
4263.4717 14.246
4265.5540 14.239
4267.6362 14.229
4269.7185 14.235
4271.8008 14.240
4273.8831 14.230
4275.9653 14.211
4278.0476 14.221
4280.1299 14.245
4282.2121 14.249
4284.2944 14.232
4286.3767 14.213
4288.4590 14.216
4290.5412 14.242
4292.6235 14.264
4294.7058 14.259
4296.7880 14.246
4298.8703 14.242
4300.9526 14.243
4303.0349 14.250
4305.1171 14.263
4307.1994 14.265
4309.2817 14.261
4311.3639 14.233
4313.4462 14.226
4315.5285 14.250
4317.6107 14.269
4319.6930 14.297
4321.7753 14.326
4323.8576 14.333
4325.9398 14.343
4328.0221 14.351
4330.1044 14.350
4332.1866 14.372
4334.2689 14.412
4336.3512 14.426
4338.4335 14.402
4340.5157 14.363
4342.5980 14.333
4344.6803 14.319
4346.7625 14.314
4348.8448 14.319
4350.9271 14.329
4353.0094 14.332
4355.0916 14.325
4357.1739 14.311
4359.2562 14.295
4361.3384 14.282
4363.4207 14.278
4365.5030 14.286
4367.5852 14.291
4369.6675 14.303
4371.7498 14.327
4373.8321 14.323
4375.9143 14.297
4377.9966 14.287
4380.0789 14.291
4382.1611 14.293
4384.2434 14.288
4386.3257 14.278
4388.4080 14.262
4390.4902 14.269
4392.5725 14.291
4394.6548 14.294
4396.7370 14.284
4398.8193 14.296
4400.9016 14.295
4402.9839 14.279
4405.0661 14.263
4407.1484 14.267
4409.2307 14.278
4411.3129 14.276
4413.3952 14.273
4415.4775 14.259
4417.5598 14.259
4419.6420 14.297
4421.7243 14.333
4423.8066 14.338
4425.8888 14.335
4427.9711 14.330
4430.0534 14.308
4432.1356 14.284
4434.2179 14.259
4436.3002 14.243
4438.3825 14.259
4440.4647 14.286
4442.5470 14.304
4444.6293 14.313
4446.7115 14.322
4448.7938 14.327
4450.8761 14.322
4452.9584 14.301
4455.0406 14.298
4457.1229 14.307
4459.2052 14.313
4461.2874 14.291
4463.3697 14.280
4465.4520 14.277
4467.5343 14.300
4469.6165 14.307
4471.6988 14.288
4473.7811 14.295
4475.8633 14.330
4477.9456 14.355
4480.0279 14.361
4482.1101 14.355
4484.1924 14.357
4486.2747 14.360
4488.3570 14.347
4490.4392 14.315
4492.5215 14.276
4494.6038 14.246
4496.6860 14.262
4498.7683 14.313
4500.8506 14.347
4502.9329 14.373
4505.0151 14.382
4507.0974 14.359
4509.1797 14.329
4511.2619 14.318
4513.3442 14.315
4515.4265 14.296
4517.5088 14.270
4519.5910 14.259
4521.6733 14.292
4523.7556 14.321
4525.8378 14.329
4527.9201 14.318
4530.0024 14.298
4532.0847 14.293
4534.1669 14.299
4536.2492 14.304
4538.3315 14.310
4540.4137 14.332
4542.4960 14.351
4544.5783 14.349
4546.6605 14.336
4548.7428 14.333
4550.8251 14.327
4552.9074 14.323
4554.9896 14.323
4557.0719 14.327
4559.1542 14.343
4561.2364 14.362
4563.3187 14.367
4565.4010 14.359
4567.4833 14.361
4569.5655 14.377
4571.6478 14.379
4573.7301 14.379
4575.8123 14.387
4577.8946 14.396
4579.9769 14.387
4582.0592 14.368
4584.1414 14.377
4586.2237 14.402
4588.3060 14.407
4590.3882 14.384
4592.4705 14.349
4594.5528 14.338
4596.6350 14.348
4598.7173 14.352
4600.7996 14.355
4602.8819 14.379
4604.9641 14.401
4607.0464 14.394
4609.1287 14.378
4611.2109 14.358
4613.2932 14.352
4615.3755 14.362
4617.4578 14.350
4619.5400 14.341
4621.6223 14.351
4623.7046 14.349
4625.7868 14.346
4627.8691 14.362
4629.9514 14.376
4632.0337 14.381
4634.1159 14.371
4636.1982 14.350
4638.2805 14.360
4640.3627 14.384
4642.4450 14.385
4644.5273 14.378
4646.6095 14.378
4648.6918 14.373
4650.7741 14.350
4652.8564 14.346
4654.9386 14.359
4657.0209 14.359
4659.1032 14.377
4661.1854 14.417
4663.2677 14.437
4665.3500 14.430
4667.4323 14.424
4669.5145 14.424
4671.5968 14.431
4673.6791 14.417
4675.7613 14.421
4677.8436 14.425
4679.9259 14.429
4682.0082 14.440
4684.0904 14.449
4686.1727 14.457
4688.2550 14.464
4690.3372 14.475
4692.4195 14.468
4694.5018 14.436
4696.5841 14.405
4698.6663 14.395
4700.7486 14.380
4702.8309 14.371
4704.9131 14.390
4706.9954 14.400
4709.0777 14.400
4711.1599 14.415
4713.2422 14.410
4715.3245 14.408
4717.4068 14.430
4719.4890 14.431
4721.5713 14.413
4723.6536 14.408
4725.7358 14.419
4727.8181 14.431
4729.9004 14.445
4731.9827 14.447
4734.0649 14.423
4736.1472 14.414
4738.2295 14.423
4740.3117 14.444
4742.3940 14.454
4744.4763 14.445
4746.5586 14.444
4748.6408 14.456
4750.7231 14.466
4752.8054 14.478
4754.8876 14.486
4756.9699 14.470
4759.0522 14.456
4761.1344 14.473
4763.2167 14.478
4765.2990 14.458
4767.3813 14.446
4769.4635 14.442
4771.5458 14.442
4773.6281 14.461
4775.7103 14.488
4777.7926 14.500
4779.8749 14.497
4781.9572 14.494
4784.0394 14.491
4786.1217 14.492
4788.2040 14.510
4790.2862 14.516
4792.3685 14.506
4794.4508 14.485
4796.5331 14.478
4798.6153 14.486
4800.6976 14.486
4802.7799 14.460
4804.8621 14.444
4806.9444 14.443
4809.0267 14.457
4811.1090 14.487
4813.1912 14.508
4815.2735 14.505
4817.3558 14.498
4819.4380 14.488
4821.5203 14.464
4823.6026 14.441
4825.6848 14.465
4827.7671 14.529
4829.8494 14.564
4831.9317 14.558
4834.0139 14.546
4836.0962 14.539
4838.1785 14.538
4840.2607 14.537
4842.3430 14.537
4844.4253 14.531
4846.5076 14.531
4848.5898 14.574
4850.6721 14.618
4852.7544 14.635
4854.8366 14.653
4856.9189 14.676
4859.0012 14.673
4861.0835 14.654
4863.1657 14.643
4865.2480 14.627
4867.3303 14.614
4869.4125 14.583
4871.4948 14.547
4873.5771 14.538
4875.6593 14.556
4877.7416 14.567
4879.8239 14.543
4881.9062 14.516
4883.9884 14.516
4886.0707 14.530
4888.1530 14.543
4890.2352 14.541
4892.3175 14.536
4894.3998 14.544
4896.4821 14.554
4898.5643 14.554
4900.6466 14.545
4902.7289 14.540
4904.8111 14.522
4906.8934 14.459
4908.9757 14.440
4911.0580 14.511
4913.1402 14.528
4915.2225 14.522
4917.3048 14.499
4919.3870 14.488
4921.4693 14.495
4923.5516 14.513
4925.6339 14.526
4927.7161 14.525
4929.7984 14.529
4931.8807 14.541
4933.9629 14.540
4936.0452 14.525
4938.1275 14.521
4940.2097 14.536
4942.2920 14.566
4944.3743 14.604
4946.4566 14.601
4948.5388 14.550
4950.6211 14.534
4952.7034 14.564
4954.7856 14.599
4956.8679 14.607
4958.9502 14.596
4961.0325 14.583
4963.1147 14.567
4965.1970 14.563
4967.2793 14.579
4969.3615 14.593
4971.4438 14.590
4973.5261 14.590
4975.6084 14.602
4977.6906 14.590
4979.7729 14.564
4981.8552 14.556
4983.9374 14.543
4986.0197 14.539
4988.1020 14.548
4990.1842 14.528
4992.2665 14.501
4994.3488 14.507
4996.4311 14.539
4998.5133 14.559
5000.5956 14.572
5002.6779 14.573
5004.7601 14.557
5006.8424 14.539
5008.9247 14.528
5011.0070 14.521
5013.0892 14.532
5015.1715 14.566
5017.2538 14.573
5019.3360 14.552
5021.4183 14.545
5023.5006 14.559
5025.5829 14.581
5027.6651 14.584
5029.7474 14.581
5031.8297 14.597
5033.9119 14.617
5035.9942 14.633
5038.0765 14.615
5040.1587 14.570
5042.2410 14.563
5044.3233 14.583
5046.4056 14.587
5048.4878 14.579
5050.5701 14.571
5052.6524 14.577
5054.7346 14.589
5056.8169 14.604
5058.8992 14.623
5060.9815 14.629
5063.0637 14.609
5065.1460 14.588
5067.2283 14.563
5069.3105 14.550
5071.3928 14.567
5073.4751 14.579
5075.5574 14.591
5077.6396 14.623
5079.7219 14.618
5081.8042 14.563
5083.8864 14.558
5085.9687 14.607
5088.0510 14.647
5090.1333 14.657
5092.2155 14.636
5094.2978 14.621
5096.3801 14.623
5098.4623 14.629
5100.5446 14.640
5102.6269 14.649
5104.7091 14.640
5106.7914 14.621
5108.8737 14.603
5110.9560 14.592
5113.0382 14.588
5115.1205 14.583
5117.2028 14.572
5119.2850 14.576
5121.3673 14.582
5123.4496 14.563
5125.5319 14.557
5127.6141 14.576
5129.6964 14.588
5131.7787 14.588
5133.8609 14.593
5135.9432 14.603
5138.0255 14.593
5140.1078 14.574
5142.1900 14.586
5144.2723 14.620
5146.3546 14.624
5148.4368 14.612
5150.5191 14.608
5152.6014 14.599
5154.6836 14.593
5156.7659 14.597
5158.8482 14.601
5160.9305 14.609
5163.0127 14.625
5165.0950 14.630
5167.1773 14.613
5169.2595 14.612
5171.3418 14.648
5173.4241 14.683
5175.5064 14.694
5177.5886 14.682
5179.6709 14.660
5181.7532 14.636
5183.8354 14.606
5185.9177 14.593
5188.0000 14.618
5190.0823 14.644
5192.1645 14.619
5194.2468 14.600
5196.3291 14.629
5198.4113 14.642
5200.4936 14.636
5202.5759 14.642
5204.6582 14.631
5206.7404 14.602
5208.8227 14.582
5210.9050 14.586
5212.9872 14.614
5215.0695 14.691
5217.1518 14.755
5219.2340 14.726
5221.3163 14.695
5223.3986 14.715
5225.4809 14.738
5227.5631 14.733
5229.6454 14.691
5231.7277 14.657
5233.8099 14.649
5235.8922 14.643
5237.9745 14.639
5240.0568 14.642
5242.1390 14.652
5244.2213 14.683
5246.3036 14.721
5248.3858 14.730
5250.4681 14.708
5252.5504 14.682
5254.6327 14.662
5256.7149 14.659
5258.7972 14.664
5260.8795 14.660
5262.9617 14.667
5265.0440 14.685
5267.1263 14.684
5269.2085 14.672
5271.2908 14.684
5273.3731 14.682
5275.4554 14.660
5277.5376 14.641
5279.6199 14.613
5281.7022 14.588
5283.7844 14.597
5285.8667 14.619
5287.9490 14.619
5290.0313 14.599
5292.1135 14.594
5294.1958 14.624
5296.2781 14.649
5298.3603 14.658
5300.4426 14.668
5302.5249 14.679
5304.6072 14.697
5306.6894 14.705
5308.7717 14.707
5310.8540 14.713
5312.9362 14.703
5315.0185 14.694
5317.1008 14.694
5319.1831 14.696
5321.2653 14.713
5323.3476 14.713
5325.4299 14.705
5327.5121 14.700
5329.5944 14.693
5331.6767 14.705
5333.7589 14.694
5335.8412 14.660
5337.9235 14.668
5340.0058 14.684
5342.0880 14.666
5344.1703 14.659
5346.2526 14.664
5348.3348 14.685
5350.4171 14.713
5352.4994 14.724
5354.5817 14.747
5356.6639 14.754
5358.7462 14.718
5360.8285 14.698
5362.9107 14.697
5364.9930 14.681
5367.0753 14.675
5369.1576 14.688
5371.2398 14.697
5373.3221 14.745
5375.4044 14.765
5377.4866 14.742
5379.5689 14.712
5381.6512 14.707
5383.7334 14.724
5385.8157 14.746
5387.8980 14.782
5389.9803 14.807
5392.0625 14.803
5394.1448 14.774
5396.2271 14.752
5398.3093 14.732
5400.3916 14.695
5402.4739 14.680
5404.5562 14.739
5406.6384 14.820
5408.7207 14.859
5410.8030 14.879
5412.8852 14.861
5414.9675 14.828
5417.0498 14.796
5419.1321 14.785
5421.2143 14.796
5423.2966 14.808
5425.3789 14.808
5427.4611 14.778
5429.5434 14.754
5431.6257 14.740
5433.7079 14.740
5435.7902 14.747
5437.8725 14.765
5439.9548 14.773
5442.0370 14.747
5444.1193 14.702
5446.2016 14.698
5448.2838 14.744
5450.3661 14.776
5452.4484 14.782
5454.5307 14.780
5456.6129 14.749
5458.6952 14.736
5460.7775 14.765
5462.8597 14.815
5464.9420 14.841
5467.0243 14.823
5469.1066 14.785
5471.1888 14.740
5473.2711 14.745
5475.3534 14.783
5477.4356 14.832
5479.5179 14.902
5481.6002 14.885
5483.6825 14.876
5485.7647 14.906
5487.8470 14.936
5489.9293 14.870
5492.0115 14.768
5494.0938 14.707
5496.1761 14.690
5498.2583 14.693
5500.3406 14.701
5502.4229 14.705
5504.5052 14.699
5506.5874 14.690
5508.6697 14.722
5510.7520 14.773
5512.8342 14.818
5514.9165 14.817
5516.9988 14.826
5519.0811 14.857
5521.1633 14.879
5523.2456 14.852
5525.3279 14.793
5527.4101 14.766
5529.4924 14.754
5531.5747 14.740
5533.6570 14.712
5535.7392 14.715
5537.8215 14.746
5539.9038 14.760
5541.9860 14.750
5544.0683 14.716
5546.1506 14.700
5548.2328 14.719
5550.3151 14.765
5552.3974 14.810
5554.4797 14.847
5556.5619 14.864
5558.6442 14.880
5560.7265 14.882
5562.8087 14.855
5564.8910 14.810
5566.9733 14.774
5569.0556 14.757
5571.1378 14.721
5573.2201 14.664
5575.3024 14.673
5577.3846 14.766
5579.4669 14.836
5581.5492 14.874
5583.6315 14.896
5585.7137 14.873
5587.7960 14.817
5589.8783 14.773
5591.9605 14.737
5594.0428 14.727
5596.1251 14.764
5598.2074 14.800
5600.2896 14.799
5602.3719 14.820
5604.4542 14.842
5606.5364 14.854
5608.6187 14.868
5610.7010 14.885
5612.7832 14.868
5614.8655 14.838
5616.9478 14.816
5619.0301 14.808
5621.1123 14.812
5623.1946 14.832
5625.2769 14.868
5627.3591 14.883
5629.4414 14.851
5631.5237 14.826
5633.6060 14.819
5635.6882 14.810
5637.7705 14.814
5639.8528 14.806
5641.9350 14.806
5644.0173 14.811
5646.0996 14.844
5648.1819 14.872
5650.2641 14.866
5652.3464 14.836
5654.4287 14.816
5656.5109 14.811
5658.5932 14.819
5660.6755 14.823
5662.7577 14.826
5664.8400 14.803
5666.9223 14.761
5669.0046 14.747
5671.0868 14.770
5673.1691 14.783
5675.2514 14.782
5677.3336 14.765
5679.4159 14.757
5681.4982 14.803
5683.5805 14.851
5685.6627 14.891
5687.7450 14.874
5689.8273 14.845
5691.9095 14.839
5693.9918 14.853
5696.0741 14.833
5698.1564 14.781
5700.2386 14.765
5702.3209 14.773
5704.4032 14.784
5706.4854 14.800
5708.5677 14.825
5710.6500 14.880
5712.7323 14.918
5714.8145 14.927
5716.8968 14.943
5718.9791 14.970
5721.0613 14.966
5723.1436 14.932
5725.2259 14.878
5727.3081 14.854
5729.3904 14.855
5731.4727 14.829
5733.5550 14.794
5735.6372 14.780
5737.7195 14.786
5739.8018 14.823
5741.8840 14.864
5743.9663 14.862
5746.0486 14.843
5748.1309 14.868
5750.2131 14.880
5752.2954 14.883
5754.3777 14.914
5756.4599 14.938
5758.5422 14.907
5760.6245 14.876
5762.7068 14.875
5764.7890 14.892
5766.8713 14.898
5768.9536 14.931
5771.0358 14.925
5773.1181 14.860
5775.2004 14.806
5777.2826 14.801
5779.3649 14.826
5781.4472 14.862
5783.5295 14.893
5785.6117 14.914
5787.6940 14.909
5789.7763 14.894
5791.8585 14.895
5793.9408 14.878
5796.0231 14.837
5798.1054 14.818
5800.1876 14.819
5802.2699 14.830
5804.3522 14.845
5806.4344 14.862
5808.5167 14.870
5810.5990 14.845
5812.6813 14.837
5814.7635 14.862
5816.8458 14.867
5818.9281 14.861
5821.0103 14.860
5823.0926 14.844
5825.1749 14.843
5827.2572 14.835
5829.3394 14.815
5831.4217 14.836
5833.5040 14.908
5835.5862 14.931
5837.6685 14.892
5839.7508 14.847
5841.8330 14.845
5843.9153 14.884
5845.9976 14.895
5848.0799 14.880
5850.1621 14.856
5852.2444 14.844
5854.3267 14.831
5856.4089 14.811
5858.4912 14.809
5860.5735 14.837
5862.6558 14.898
5864.7380 14.932
5866.8203 14.922
5868.9026 14.926
5870.9848 14.970
5873.0671 15.001
5875.1494 15.008
5877.2317 14.983
5879.3139 14.921
5881.3962 14.857
5883.4785 14.815
5885.5607 14.806
5887.6430 14.815
5889.7253 14.844
5891.8075 14.889
5893.8898 14.903
5895.9721 14.881
5898.0544 14.840
5900.1366 14.838
5902.2189 14.862
5904.3012 14.871
5906.3834 14.854
5908.4657 14.834
5910.5480 14.835
5912.6303 14.875
5914.7125 14.913
5916.7948 14.908
5918.8771 14.886
5920.9593 14.885
5923.0416 14.912
5925.1239 14.942
5927.2062 14.980
5929.2884 14.974
5931.3707 15.010
5933.4530 14.997
5935.5352 14.970
5937.6175 14.943
5939.6998 14.892
5941.7820 14.868
5943.8643 14.895
5945.9466 14.957
5948.0289 14.965
5950.1111 14.943
5952.1934 14.911
5954.2757 14.884
5956.3579 14.878
5958.4402 14.907
5960.5225 14.946
5962.6048 14.982
5964.6870 15.004
5966.7693 15.030
5968.8516 15.022
5970.9338 14.982
5973.0161 14.927
5975.0984 14.919
5977.1807 14.942
5979.2629 14.959
5981.3452 14.944
5983.4275 14.908
5985.5097 14.928
5987.5920 14.982
5989.6743 15.024
5991.7566 15.009
5993.8388 14.969
5995.9211 14.933
5998.0034 14.913
6000.0856 14.933
6002.1679 14.989
6004.2502 15.040
6006.3324 15.066
6008.4147 15.071
6010.4970 15.118
6012.5793 15.159
6014.6615 15.156
6016.7438 15.072
6018.8261 15.002
6020.9083 14.992
6022.9906 15.037
6025.0729 15.141
6027.1552 15.135
6029.2374 15.040
6031.3197 14.949
6033.4020 14.965
6035.4842 15.048
6037.5665 15.059
6039.6488 15.027
6041.7311 15.013
6043.8133 15.041
6045.8956 15.015
6047.9779 14.969
6050.0601 14.960
6052.1424 15.010
6054.2247 15.074
6056.3069 15.130
6058.3892 15.156
6060.4715 15.131
6062.5538 15.078
6064.6360 15.042
6066.7183 15.039
6068.8006 15.075
6070.8828 15.085
6072.9651 15.100
6075.0474 15.125
6077.1297 15.099
6079.2119 15.031
6081.2942 14.991
6083.3765 14.999
6085.4587 15.028
6087.5410 14.981
6089.6233 14.971
6091.7056 15.015
6093.7878 15.075
6095.8701 15.017
6097.9524 14.940
6100.0346 14.896
6102.1169 14.891
6104.1992 14.932
6106.2815 14.992
6108.3637 15.037
6110.4460 15.044
6112.5283 15.002
6114.6105 14.991
6116.6928 15.026
6118.7751 15.093
6120.8573 15.158
6122.9396 15.208
6125.0219 15.227
6127.1042 15.212
6129.1864 15.163
6131.2687 15.079
6133.3510 15.000
6135.4332 14.956
6137.5155 14.964
6139.5978 15.063
6141.6801 15.146
6143.7623 15.175
6145.8446 15.155
6147.9269 15.139
6150.0091 15.085
6152.0914 15.004
6154.1737 14.929
6156.2560 14.954
6158.3382 14.993
6160.4205 15.015
6162.5028 15.025
6164.5850 15.041
6166.6673 15.030
6168.7496 15.022
6170.8318 15.031
6172.9141 15.011
6174.9964 14.984
6177.0787 14.964
6179.1609 14.956
6181.2432 14.958
6183.3255 15.025
6185.4077 15.066
6187.4900 15.055
6189.5723 15.014
6191.6546 15.034
6193.7368 15.074
6195.8191 15.106
6197.9014 15.122
6199.9836 15.076
6202.0659 15.042
6204.1482 15.033
6206.2305 15.041
6208.3127 15.069
6210.3950 15.045
6212.4773 14.997
6214.5595 14.969
6216.6418 14.979
6218.7241 15.000
6220.8064 15.017
6222.8886 15.037
6224.9709 15.052
6227.0532 15.086
6229.1354 15.137
6231.2177 15.192
6233.3000 15.175
6235.3822 15.097
6237.4645 15.051
6239.5468 15.061
6241.6291 15.074
6243.7113 15.062
6245.7936 15.081
6247.8759 15.105
6249.9581 15.087
6252.0404 15.008
6254.1227 14.957
6256.2050 14.964
6258.2872 15.021
6260.3695 15.039
6262.4518 15.007
6264.5340 14.952
6266.6163 14.899
6268.6986 14.909
6270.7809 14.995
6272.8631 15.098
6274.9454 15.206
6277.0277 15.350
6279.1099 15.485
6281.1922 15.496
6283.2745 15.359
6285.3567 15.185
6287.4390 15.140
6289.5213 15.155
6291.6036 15.165
6293.6858 15.129
6295.7681 15.091
6297.8504 15.126
6299.9326 15.205
6302.0149 15.252
6304.0972 15.193
6306.1795 15.139
6308.2617 15.098
6310.3440 15.039
6312.4263 15.037
6314.5085 15.060
6316.5908 15.075
6318.6731 15.072
6320.7554 15.043
6322.8376 15.061
6324.9199 15.086
6327.0022 15.059
6329.0844 15.022
6331.1667 15.023
6333.2490 15.033
6335.3312 15.053
6337.4135 15.067
6339.4958 15.089
6341.5781 15.098
6343.6603 15.080
6345.7426 15.055
6347.8249 15.063
6349.9071 15.097
6351.9894 15.148
6354.0717 15.171
6356.1540 15.127
6358.2362 15.113
6360.3185 15.154
6362.4008 15.179
6364.4830 15.199
6366.5653 15.250
6368.6476 15.282
6370.7299 15.238
6372.8121 15.174
6374.8944 15.131
6376.9767 15.094
6379.0589 15.072
6381.1412 15.087
6383.2235 15.116
6385.3058 15.125
6387.3880 15.117
6389.4703 15.121
6391.5526 15.130
6393.6348 15.151
6395.7171 15.182
6397.7994 15.176
6399.8816 15.137
6401.9639 15.109
6404.0462 15.112
6406.1285 15.160
6408.2107 15.214
6410.2930 15.222
6412.3753 15.165
6414.4575 15.094
6416.5398 15.096
6418.6221 15.129
6420.7044 15.169
6422.7866 15.213
6424.8689 15.256
6426.9512 15.273
6429.0334 15.238
6431.1157 15.179
6433.1980 15.130
6435.2803 15.127
6437.3625 15.160
6439.4448 15.200
6441.5271 15.182
6443.6093 15.128
6445.6916 15.101
6447.7739 15.126
6449.8561 15.185
6451.9384 15.226
6454.0207 15.220
6456.1030 15.195
6458.1852 15.214
6460.2675 15.271
6462.3498 15.295
6464.4320 15.264
6466.5143 15.197
6468.5966 15.238
6470.6789 15.274
6472.7611 15.268
6474.8434 15.258
6476.9257 15.293
6479.0079 15.295
6481.0902 15.262
6483.1725 15.175
6485.2548 15.148
6487.3370 15.177
6489.4193 15.188
6491.5016 15.154
6493.5838 15.130
6495.6661 15.153
6497.7484 15.197
6499.8307 15.246
6501.9129 15.263
6503.9952 15.239
6506.0775 15.203
6508.1597 15.174
6510.2420 15.176
6512.3243 15.195
6514.4065 15.214
6516.4888 15.234
6518.5711 15.249
6520.6534 15.226
6522.7356 15.189
6524.8179 15.151
6526.9002 15.125
6528.9824 15.124
6531.0647 15.181
6533.1470 15.283
6535.2293 15.393
6537.3115 15.241
6539.3938 15.106
6541.4761 15.069
6543.5583 15.108
6545.6406 15.167
6547.7229 15.191
6549.8052 15.161
6551.8874 15.092
6553.9697 15.076
6556.0520 15.175
6558.1342 15.355
6560.2165 15.542
6562.2988 15.488
6564.3810 15.388
6566.4633 15.340
6568.5456 15.327
6570.6279 15.315
6572.7101 15.297
6574.7924 15.268
6576.8747 15.243
6578.9569 15.251
6581.0392 15.279
6583.1215 15.280
6585.2038 15.269
6587.2860 15.286
6589.3683 15.278
6591.4506 15.272
6593.5328 15.306
6595.6151 15.411
6597.6974 15.455
6599.7797 15.408
6601.8619 15.328
6603.9442 15.268
6606.0265 15.280
6608.1087 15.393
6610.1910 15.441
6612.2733 15.336
6614.3556 15.221
6616.4378 15.211
6618.5201 15.210
6620.6024 15.175
6622.6846 15.139
6624.7669 15.156
6626.8492 15.186
6628.9314 15.219
6631.0137 15.203
6633.0960 15.249
6635.1783 15.314
6637.2605 15.351
6639.3428 15.268
6641.4251 15.208
6643.5073 15.210
6645.5896 15.242
6647.6719 15.285
6649.7542 15.267
6651.8364 15.234
6653.9187 15.230
6656.0010 15.263
6658.0832 15.279
6660.1655 15.268
6662.2478 15.240
6664.3301 15.193
6666.4123 15.170
6668.4946 15.229
6670.5769 15.324
6672.6591 15.420
6674.7414 15.492
6676.8237 15.541
6678.9059 15.533
6680.9882 15.473
6683.0705 15.449
6685.1528 15.431
6687.2350 15.369
6689.3173 15.303
6691.3996 15.292
6693.4818 15.265
6695.5641 15.225
6697.6464 15.177
6699.7287 15.127
6701.8109 15.120
6703.8932 15.138
6705.9755 15.161
6708.0577 15.187
6710.1400 15.183
6712.2223 15.202
6714.3046 15.238
6716.3868 15.240
6718.4691 15.212
6720.5514 15.187
6722.6336 15.190
6724.7159 15.224
6726.7982 15.250
6728.8804 15.277
6730.9627 15.288
6733.0450 15.285
6735.1273 15.255
6737.2095 15.171
6739.2918 15.101
6741.3741 15.076
6743.4563 15.086
6745.5386 15.083
6747.6209 15.094
6749.7032 15.135
6751.7854 15.209
6753.8677 15.234
6755.9500 15.205
6758.0322 15.140
6760.1145 15.076
6762.1968 15.033
6764.2791 15.011
6766.3613 15.023
6768.4436 15.110
6770.5259 15.191
6772.6081 15.231
6774.6904 15.255
6776.7727 15.281
6778.8550 15.268
6780.9372 15.229
6783.0195 15.217
6785.1018 15.269
6787.1840 15.394
6789.2663 15.357
6791.3486 15.234
6793.4308 15.125
6795.5131 15.111
6797.5954 15.163
6799.6777 15.194
6801.7599 15.210
6803.8422 15.283
6805.9245 15.293
6808.0067 15.271
6810.0890 15.242
6812.1713 15.211
6814.2536 15.223
6816.3358 15.245
6818.4181 15.261
6820.5004 15.254
6822.5826 15.169
6824.6649 15.040
6826.7472 14.951
6828.8295 14.935
6830.9117 15.025
6832.9940 15.126
6835.0763 15.191
6837.1585 15.185
6839.2408 15.105
6841.3231 15.063
6843.4053 15.075
6845.4876 15.127
6847.5699 15.209
6849.6522 15.335
6851.7344 15.416
6853.8167 15.428
6855.8990 15.399
6857.9812 15.379
6860.0635 15.345
6862.1458 15.306
6864.2281 15.302
6866.3103 15.355
6868.3926 15.420
6870.4749 15.470
6872.5571 15.509
6874.6394 15.465
6876.7217 15.365
6878.8040 15.300
6880.8862 15.277
6882.9685 15.317
6885.0508 15.383
6887.1330 15.461
6889.2153 15.513
6891.2976 15.499
6893.3799 15.475
6895.4621 15.447
6897.5444 15.404
6899.6267 15.370
6901.7089 15.392
6903.7912 15.496
6905.8735 15.635
6907.9557 15.687
6910.0380 15.576
6912.1203 15.425
6914.2026 15.321
6916.2848 15.270
6918.3671 15.285
6920.4494 15.272
6922.5316 15.225
6924.6139 15.189
6926.6962 15.225
6928.7785 15.252
6930.8607 15.257
6932.9430 15.248
6935.0253 15.257
6937.1075 15.276
6939.1898 15.301
6941.2721 15.261
6943.3544 15.140
6945.4366 15.086
6947.5189 15.095
6949.6012 15.143
6951.6834 15.169
6953.7657 15.200
6955.8480 15.246
6957.9302 15.260
6960.0125 15.236
6962.0948 15.193
6964.1771 15.158
6966.2593 15.178
6968.3416 15.227
6970.4239 15.322
6972.5061 15.425
6974.5884 15.499
6976.6707 15.498
6978.7530 15.402
6980.8352 15.318
6982.9175 15.280
6984.9998 15.307
6987.0820 15.354
6989.1643 15.371
6991.2466 15.372
6993.3289 15.385
6995.4111 15.378
6997.4934 15.294
6999.5757 15.191
7001.6579 15.124
7003.7402 15.170
7005.8225 15.222
7007.9048 15.197
7009.9870 15.145
7012.0693 15.153
7014.1516 15.226
7016.2338 15.306
7018.3161 15.352
7020.3984 15.330
7022.4806 15.295
7024.5629 15.289
7026.6452 15.315
7028.7275 15.336
7030.8097 15.344
7032.8920 15.385
7034.9743 15.426
7037.0565 15.352
7039.1388 15.262
7041.2211 15.245
7043.3034 15.282
7045.3856 15.332
7047.4679 15.359
7049.5502 15.329
7051.6324 15.272
7053.7147 15.225
7055.7970 15.274
7057.8793 15.339
7059.9615 15.375
7062.0438 15.399
7064.1261 15.431
7066.2083 15.429
7068.2906 15.424
7070.3729 15.434
7072.4551 15.447
7074.5374 15.464
7076.6197 15.452
7078.7020 15.436
7080.7842 15.471
7082.8665 15.433
7084.9488 15.349
7087.0310 15.235
7089.1133 15.175
7091.1956 15.235
7093.2779 15.304
7095.3601 15.352
7097.4424 15.339
7099.5247 15.299
7101.6069 15.287
7103.6892 15.287
7105.7715 15.293
7107.8538 15.267
7109.9360 15.240
7112.0183 15.269
7114.1006 15.354
7116.1828 15.357
7118.2651 15.304
7120.3474 15.279
7122.4296 15.311
7124.5119 15.403
7126.5942 15.412
7128.6765 15.364
7130.7587 15.308
7132.8410 15.264
7134.9233 15.270
7137.0055 15.310
7139.0878 15.334
7141.1701 15.344
7143.2524 15.342
7145.3346 15.312
7147.4169 15.270
7149.4992 15.266
7151.5814 15.345
7153.6637 15.409
7155.7460 15.433
7157.8283 15.389
7159.9105 15.402
7161.9928 15.459
7164.0751 15.547
7166.1573 15.682
7168.2396 15.655
7170.3219 15.526
7172.4042 15.436
7174.4864 15.432
7176.5687 15.453
7178.6510 15.443
7180.7332 15.428
7182.8155 15.414
7184.8978 15.465
7186.9800 15.460
7189.0623 15.390
7191.1446 15.313
7193.2269 15.298
7195.3091 15.426
7197.3914 15.573
7199.4737 15.664
7201.5559 15.661
7203.6382 15.562
7205.7205 15.455
7207.8028 15.384
7209.8850 15.376
7211.9673 15.417
7214.0496 15.440
7216.1318 15.402
7218.2141 15.335
7220.2964 15.371
7222.3787 15.433
7224.4609 15.452
7226.5432 15.402
7228.6255 15.310
7230.7077 15.287
7232.7900 15.343
7234.8723 15.505
7236.9545 15.606
7239.0368 15.481
7241.1191 15.332
7243.2014 15.254
7245.2836 15.212
7247.3659 15.178
7249.4482 15.159
7251.5304 15.178
7253.6127 15.256
7255.6950 15.383
7257.7773 15.493
7259.8595 15.547
7261.9418 15.540
7264.0241 15.474
7266.1063 15.493
7268.1886 15.593
7270.2709 15.654
7272.3532 15.562
7274.4354 15.430
7276.5177 15.346
7278.6000 15.344
7280.6822 15.364
7282.7645 15.379
7284.8468 15.382
7286.9291 15.386
7289.0113 15.386
7291.0936 15.430
7293.1759 15.490
7295.2581 15.532
7297.3404 15.510
7299.4227 15.479
7301.5049 15.485
7303.5872 15.494
7305.6695 15.442
7307.7518 15.369
7309.8340 15.291
7311.9163 15.265
7313.9986 15.278
7316.0808 15.344
7318.1631 15.432
7320.2454 15.519
7322.3277 15.595
7324.4099 15.740
7326.4922 15.830
7328.5745 15.827
7330.6567 15.735
7332.7390 15.697
7334.8213 16.001
7336.9036 16.285
7338.9858 16.194
7341.0681 15.759
7343.1504 15.517
7345.2326 15.479
7347.3149 15.495
7349.3972 15.501
7351.4794 15.463
7353.5617 15.372
7355.6440 15.260
7357.7263 15.232
7359.8085 15.327
7361.8908 15.462
7363.9731 15.532
7366.0553 15.516
7368.1376 15.598
7370.2199 15.740
7372.3022 15.816
7374.3844 15.706
7376.4667 15.489
7378.5490 15.377
7380.6312 15.364
7382.7135 15.393
7384.7958 15.429
7386.8781 15.462
7388.9603 15.488
7391.0426 15.465
7393.1249 15.402
7395.2071 15.374
7397.2894 15.370
7399.3717 15.376
7401.4540 15.319
7403.5362 15.303
7405.6185 15.369
7407.7008 15.475
7409.7830 15.517
7411.8653 15.444
7413.9476 15.365
7416.0298 15.288
7418.1121 15.269
7420.1944 15.296
7422.2767 15.301
7424.3589 15.302
7426.4412 15.357
7428.5235 15.414
7430.6057 15.397
7432.6880 15.329
7434.7703 15.268
7436.8526 15.354
7438.9348 15.441
7441.0171 15.474
7443.0994 15.461
7445.1816 15.427
7447.2639 15.379
7449.3462 15.335
7451.4285 15.317
7453.5107 15.357
7455.5930 15.405
7457.6753 15.453
7459.7575 15.499
7461.8398 15.628
7463.9221 15.786
7466.0043 15.844
7468.0866 15.757
7470.1689 15.560
7472.2512 15.396
7474.3334 15.311
7476.4157 15.330
7478.4980 15.502
7480.5802 15.702
7482.6625 15.738
7484.7448 15.669
7486.8271 15.623
7488.9093 15.671
7490.9916 15.677
7493.0739 15.598
7495.1561 15.478
7497.2384 15.391
7499.3207 15.335
7501.4030 15.285
7503.4852 15.234
7505.5675 15.226
7507.6498 15.282
7509.7320 15.381
7511.8143 15.502
7513.8966 15.499
7515.9788 15.439
7518.0611 15.450
7520.1434 15.566
7522.2257 15.818
7524.3079 15.891
7526.3902 15.712
7528.4725 15.393
7530.5547 15.163
7532.6370 15.069
7534.7193 15.043
7536.8016 15.090
7538.8838 15.208
7540.9661 15.233
7543.0484 15.157
7545.1306 15.074
7547.2129 15.030
7549.2952 15.018
7551.3775 15.128
7553.4597 15.338
7555.5420 15.603
7557.6243 15.667
7559.7065 15.653
7561.7888 15.700
7563.8711 15.799
7565.9534 15.782
7568.0356 15.546
7570.1179 15.340
7572.2002 15.297
7574.2824 15.482
7576.3647 15.897
7578.4470 16.290
7580.5292 16.489
7582.6115 16.275
7584.6938 16.216
7586.7761 16.170
7588.8583 16.041
7590.9406 15.934
7593.0229 16.147
7595.1051 16.755
7597.1874 17.605
7599.2697 18.635
7601.3520 18.697
7603.4342 17.778
7605.5165 16.776
7607.5988 16.535
7609.6810 16.626
7611.7633 16.548
7613.8456 16.374
7615.9279 16.229
7618.0101 16.135
7620.0924 16.138
7622.1747 16.140
7624.2569 16.087
7626.3392 15.893
7628.4215 15.730
7630.5037 15.765
7632.5860 15.883
7634.6683 15.831
7636.7506 15.751
7638.8328 15.682
7640.9151 15.593
7642.9974 15.462
7645.0796 15.481
7647.1619 15.503
7649.2442 15.524
7651.3265 15.546
7653.4087 15.568
7655.4910 15.590
7657.5733 15.607
7659.6555 15.611
7661.7378 15.617
7663.8201 15.609
7665.9024 15.567
7667.9846 15.523
7670.0669 15.491
7672.1492 15.445
7674.2314 15.408
7676.3137 15.419
7678.3960 15.414
7680.4783 15.374
7682.5605 15.380
7684.6428 15.457
7686.7251 15.697
7688.8073 15.778
7690.8896 15.572
7692.9719 15.462
7695.0541 15.394
7697.1364 15.401
7699.2187 15.403
7701.3010 15.402
7703.3832 15.289
7705.4655 15.180
7707.5478 15.217
7709.6300 15.287
7711.7123 15.361
7713.7946 15.344
7715.8769 15.325
7717.9591 15.401
7720.0414 15.394
7722.1237 15.297
7724.2059 15.233
7726.2882 15.206
7728.3705 15.181
7730.4528 15.237
7732.5350 15.381
7734.6173 15.566
7736.6996 15.676
7738.7818 15.579
7740.8641 15.436
7742.9464 15.305
7745.0286 15.223
7747.1109 15.217
7749.1932 15.340
7751.2755 15.410
7753.3577 15.383
7755.4400 15.293
7757.5223 15.220
7759.6045 15.392
7761.6868 15.344
7763.7691 15.050
7765.8514 15.089
7767.9336 15.216
7770.0159 15.390
7772.0982 15.454
7774.1804 15.428
7776.2627 15.415
7778.3450 15.403
7780.4273 15.375
7782.5095 15.338
7784.5918 15.312
7786.6741 15.437
7788.7563 15.542
7790.8386 15.507
7792.9209 15.416
7795.0032 15.323
7797.0854 15.247
7799.1677 15.213
7801.2500 15.225
7803.3322 15.297
7805.4145 15.449
7807.4968 15.668
7809.5790 15.800
7811.6613 15.640
7813.7436 15.462
7815.8259 15.307
7817.9081 15.331
7819.9904 15.399
7822.0727 15.359
7824.1549 15.192
7826.2372 14.915
7828.3195 15.009
7830.4018 15.138
7832.4840 15.168
7834.5663 15.236
7836.6486 15.332
7838.7308 15.482
7840.8131 15.507
7842.8954 15.266
7844.9777 15.157
7847.0599 15.164
7849.1422 15.200
7851.2245 15.297
7853.3067 15.504
7855.3890 15.468
7857.4713 15.311
7859.5535 15.377
7861.6358 15.451
7863.7181 15.391
7865.8004 15.332
7867.8826 15.291
7869.9649 15.239
7872.0472 15.206
7874.1294 15.224
7876.2117 15.342
7878.2940 15.486
7880.3763 15.385
7882.4585 15.201
7884.5408 15.040
7886.6231 14.989
7888.7053 15.043
7890.7876 15.084
7892.8699 15.106
7894.9522 15.071
7897.0344 14.969
7899.1167 14.819
7901.1990 14.941
7903.2812 15.123
7905.3635 15.389
7907.4458 15.489
7909.5281 15.477
7911.6103 15.210
7913.6926 15.022
7915.7749 14.999
7917.8571 15.116
7919.9394 15.257
7922.0217 15.354
7924.1039 15.246
7926.1862 14.921
7928.2685 15.193
7930.3508 15.719
7932.4330 15.671
7934.5153 15.510
7936.5976 15.511
7938.6798 15.496
7940.7621 15.436
7942.8444 15.286
7944.9267 15.212
7947.0089 15.360
7949.0912 15.494
7951.1735 15.605
7953.2557 15.587
7955.3380 15.473
7957.4203 15.204
7959.5026 15.080
7961.5848 15.042
7963.6671 15.070
7965.7494 15.043
7967.8316 14.917
7969.9139 15.000
7971.9962 15.162
7974.0784 15.291
7976.1607 15.394
7978.2430 15.455
7980.3253 15.726
7982.4075 15.924
7984.4898 15.554
7986.5721 15.527
7988.6543 16.026
7990.7366 15.903
7992.8189 15.658
7994.9012 16.173
7996.9834 16.243
7999.0657 15.642
8001.1480 15.587
8003.2302 15.867
8005.3125 15.973
8007.3948 15.774
8009.4771 15.274
8011.5593 15.246
8013.6416 15.421
8015.7239 15.275
8017.8061 15.490
8019.8884 16.257
8021.9707 16.190
8024.0529 15.723
8026.1352 15.531
8028.2175 15.338
8030.2998 15.169
8032.3820 15.266
8034.4643 15.401
8036.5466 15.186
8038.6288 15.088
8040.7111 15.120
8042.7934 15.500
8044.8757 15.819
8046.9579 15.655
8049.0402 15.657
8051.1225 15.903
8053.2047 15.964
8055.2870 15.909
8057.3693 15.855
8059.4516 15.687
8061.5338 15.457
8063.6161 15.311
8065.6984 15.331
8067.7806 15.553
8069.8629 15.589
8071.9452 15.373
8074.0275 15.302
8076.1097 15.441
8078.1920 15.825
8080.2743 15.870
8082.3565 15.438
8084.4388 15.337
8086.5211 15.453
8088.6033 15.778
8090.6856 15.782
8092.7679 15.379
8094.8502 15.216
8096.9324 15.174
8099.0147 15.408
8101.0970 15.481
8103.1792 15.397
8105.2615 15.432
8107.3438 15.526
8109.4261 15.717
8111.5083 15.882
8113.5906 16.015
8115.6729 16.076
8117.7551 16.124
8119.8374 16.220
8121.9197 16.111
8124.0020 15.868
8126.0842 15.640
8128.1665 15.591
8130.2488 15.786
8132.3310 15.912
8134.4133 15.887
8136.4956 15.808
8138.5778 15.772
8140.6601 15.877
8142.7424 15.796
8144.8247 15.579
8146.9069 15.700
8148.9892 15.896
8151.0715 15.902
8153.1537 16.019
8155.2360 16.220
8157.3183 16.264
8159.4006 16.310
8161.4828 16.487
8163.5651 16.460
8165.6474 16.262
8167.7296 16.274
8169.8119 16.371
8171.8942 16.641
8173.9765 16.662
8176.0587 16.523
8178.1410 16.676
8180.2233 16.841
8182.3055 16.913
8184.3878 16.932
8186.4701 16.925
8188.5524 16.666
8190.6346 18.104
8192.7169  7.939
8194.7992  0.000
8196.8814  0.000
8198.9637  0.000
8201.0460  0.000
8203.1282  0.000
8205.2105  0.000
8207.2928  0.000
8209.3751  0.000
8211.4573  0.000
8213.5396  0.000
8215.6219  0.000
8217.7041  0.000
8219.7864  0.000
8221.8687  0.000
8223.9510  0.000
8226.0332  0.000
8228.1155  0.000
8230.1978  0.000
8232.2800  0.000
8234.3623  0.000
8236.4446  0.000
8238.5269  0.000
8240.6091  0.000
8242.6914  0.000
8244.7737  0.000
8246.8559  0.000
8248.9382  0.000
8251.0205  0.000
8253.1027  0.000
8255.1850  0.000
8257.2673  0.000
8259.3496  0.000
8261.4318  0.000
8263.5141  0.000
8265.5964  0.000
8267.6786  0.000
8269.7609  0.000
8271.8432  0.000
8273.9255  0.000
8276.0077  0.000
8278.0900  0.000
8280.1723  0.000
8282.2545  0.000
8284.3368  0.000
8286.4191  0.000
8288.5014  0.000
8290.5836  0.000
8292.6659  0.000
8294.7482  0.000
8296.8304  0.000
8298.9127  0.000
8300.9950  0.000
8303.0773  0.000
8305.1595  0.000
8307.2418  0.000
8309.3241  0.000
8311.4063  0.000
8313.4886  0.000
8315.5709  0.000
8317.6531  0.000
8319.7354  0.000
8321.8177  0.000
8323.9000  0.000
8325.9822  0.000
8328.0645  0.000
8330.1468  0.000
8332.2290  0.000
8334.3113  0.000
8336.3936  0.000
8338.4759  0.000
8340.5581  0.000
8342.6404  0.000
8344.7227  0.000
8346.8049  0.000
8348.8872  0.000
8350.9695  0.000
8353.0518  0.000
8355.1340  0.000
8357.2163  0.000
8359.2986  0.000
8361.3808  0.000
