2703.8508 12.438
2705.9994 12.445
2708.1480 12.494
2710.2966 12.580
2712.4453 12.675
2714.5939 12.769
2716.7425 12.814
2718.8911 12.825
2721.0397 12.820
2723.1883 12.816
2725.3370 12.810
2727.4856 12.793
2729.6342 12.764
2731.7828 12.753
2733.9314 12.765
2736.0800 12.805
2738.2287 12.852
2740.3773 12.880
2742.5259 12.891
2744.6745 12.883
2746.8231 12.892
2748.9717 12.926
2751.1203 13.010
2753.2690 13.137
2755.4176 13.275
2757.5662 13.368
2759.7148 13.383
2761.8634 13.370
2764.0120 13.374
2766.1607 13.432
2768.3093 13.516
2770.4579 13.596
2772.6065 13.631
2774.7551 13.641
2776.9037 13.649
2779.0524 13.669
2781.2010 13.711
2783.3496 13.771
2785.4982 13.867
2787.6468 13.963
2789.7954 14.023
2791.9440 14.004
2794.0927 13.931
2796.2413 13.842
2798.3899 13.766
2800.5385 13.723
2802.6871 13.726
2804.8357 13.797
2806.9844 13.915
2809.1330 14.037
2811.2816 14.102
2813.4302 14.118
2815.5788 14.114
2817.7274 14.123
2819.8761 14.138
2822.0247 14.168
2824.1733 14.234
2826.3219 14.337
2828.4705 14.429
2830.6191 14.419
2832.7677 14.352
2834.9164 14.314
2837.0650 14.419
2839.2136 14.616
2841.3622 14.793
2843.5108 14.789
2845.6594 14.689
2847.8081 14.607
2849.9567 14.596
2852.1053 14.638
2854.2539 14.718
2856.4025 14.805
2858.5511 14.843
2860.6998 14.752
2862.8484 14.635
2864.9970 14.597
2867.1456 14.714
2869.2942 14.884
2871.4428 14.928
2873.5914 14.804
2875.7401 14.655
2877.8887 14.610
2880.0373 14.645
2882.1859 14.698
2884.3345 14.709
2886.4831 14.695
2888.6318 14.684
2890.7804 14.711
2892.9290 14.769
2895.0776 14.834
2897.2262 14.863
2899.3748 14.841
2901.5235 14.817
2903.6721 14.801
2905.8207 14.779
2907.9693 14.769
2910.1179 14.808
2912.2665 14.936
2914.4151 15.098
2916.5638 15.183
2918.7124 15.136
2920.8610 15.038
2923.0096 14.995
2925.1582 15.041
2927.3068 15.132
2929.4555 15.159
2931.6041 15.141
2933.7527 15.147
2935.9013 15.149
2938.0499 15.073
2940.1985 14.953
2942.3472 14.914
2944.4958 14.966
2946.6444 15.014
2948.7930 15.004
2950.9416 14.979
2953.0902 14.996
2955.2388 15.013
2957.3875 14.981
2959.5361 14.946
2961.6847 14.965
2963.8333 15.041
2965.9819 15.133
2968.1305 15.187
2970.2792 15.178
2972.4278 15.138
2974.5764 15.123
2976.7250 15.152
2978.8736 15.215
2981.0222 15.265
2983.1709 15.258
2985.3195 15.209
2987.4681 15.188
2989.6167 15.241
2991.7653 15.308
2993.9139 15.299
2996.0625 15.231
2998.2112 15.197
3000.3598 15.246
3002.5084 15.318
3004.6570 15.312
3006.8056 15.237
3008.9542 15.179
3011.1029 15.177
3013.2515 15.225
3015.4001 15.289
3017.5487 15.315
3019.6973 15.292
3021.8459 15.257
3023.9946 15.247
3026.1432 15.292
3028.2918 15.385
3030.4404 15.436
3032.5890 15.390
3034.7376 15.309
3036.8862 15.258
3039.0349 15.244
3041.1835 15.263
3043.3321 15.279
3045.4807 15.256
3047.6293 15.239
3049.7779 15.284
3051.9266 15.362
3054.0752 15.411
3056.2238 15.419
3058.3724 15.430
3060.5210 15.471
3062.6696 15.486
3064.8183 15.433
3066.9669 15.364
3069.1155 15.348
3071.2641 15.375
3073.4127 15.396
3075.5613 15.390
3077.7099 15.387
3079.8586 15.380
3082.0072 15.339
3084.1558 15.308
3086.3044 15.355
3088.4530 15.426
3090.6016 15.405
3092.7503 15.310
3094.8989 15.231
3097.0475 15.201
3099.1961 15.175
3101.3447 15.126
3103.4933 15.111
3105.6420 15.169
3107.7906 15.226
3109.9392 15.201
3112.0878 15.140
3114.2364 15.129
3116.3850 15.177
3118.5336 15.244
3120.6823 15.267
3122.8309 15.221
3124.9795 15.178
3127.1281 15.215
3129.2767 15.270
3131.4253 15.247
3133.5740 15.219
3135.7226 15.221
3137.8712 15.173
3140.0198 15.104
3142.1684 15.096
3144.3170 15.129
3146.4657 15.138
3148.6143 15.150
3150.7629 15.202
3152.9115 15.200
3155.0601 15.127
3157.2087 15.080
3159.3573 15.076
3161.5060 15.109
3163.6546 15.154
3165.8032 15.156
3167.9518 15.159
3170.1004 15.154
3172.2490 15.131
3174.3977 15.161
3176.5463 15.214
3178.6949 15.235
3180.8435 15.245
3182.9921 15.226
3185.1407 15.193
3187.2894 15.193
3189.4380 15.210
3191.5866 15.219
3193.7352 15.196
3195.8838 15.174
3198.0324 15.192
3200.1810 15.218
3202.3297 15.241
3204.4783 15.264
3206.6269 15.224
3208.7755 15.133
3210.9241 15.112
3213.0727 15.165
3215.2214 15.217
3217.3700 15.227
3219.5186 15.185
3221.6672 15.150
3223.8158 15.134
3225.9644 15.133
3228.1131 15.124
3230.2617 15.130
3232.4103 15.168
3234.5589 15.190
3236.7075 15.176
3238.8561 15.162
3241.0047 15.207
3243.1534 15.247
3245.3020 15.230
3247.4506 15.209
3249.5992 15.169
3251.7478 15.134
3253.8964 15.112
3256.0451 15.096
3258.1937 15.081
3260.3423 15.092
3262.4909 15.120
3264.6395 15.129
3266.7881 15.155
3268.9368 15.148
3271.0854 15.082
3273.2340 15.069
3275.3826 15.120
3277.5312 15.151
3279.6798 15.143
3281.8285 15.115
3283.9771 15.107
3286.1257 15.133
3288.2743 15.161
3290.4229 15.112
3292.5715 15.127
3294.7201 15.209
3296.8688 15.192
3299.0174 15.229
3301.1660 15.177
3303.3146 15.141
3305.4632 15.159
3307.6118 15.180
3309.7605 15.168
3311.9091 15.182
3314.0577 15.251
3316.2063 15.224
3318.3549 15.173
3320.5035 15.163
3322.6522 15.209
3324.8008 15.174
3326.9494 15.166
3329.0980 15.162
3331.2466 15.175
3333.3952 15.194
3335.5438 15.221
3337.6925 15.217
3339.8411 15.227
3341.9897 15.247
3344.1383 15.221
3346.2869 15.228
3348.4355 15.259
3350.5842 15.189
3352.7328 15.134
3354.8814 15.129
3357.0300 15.192
3359.1786 15.174
3361.3272 15.159
3363.4759 15.098
3365.6245 15.117
3367.7731 15.156
3369.9217 15.171
3372.0703 15.160
3374.2189 15.134
3376.3675 15.127
3378.5162 15.128
3380.6648 15.138
3382.8134 15.195
3384.9620 15.212
3387.1106 15.154
3389.2592 15.156
3391.4079 15.201
3393.5565 15.198
3395.7051 15.163
3397.8537 15.136
3400.0023 15.142
3402.1509 15.168
3404.2996 15.142
3406.4482 15.159
3408.5968 15.124
3410.7454 15.123
3412.8940 15.126
3415.0426 15.145
3417.1912 15.160
3419.3399 15.150
3421.4885 15.179
3423.6371 15.201
3425.7857 15.231
3427.9343 15.180
3430.0829 15.124
3432.2316 15.170
3434.3802 15.169
3436.5288 15.169
3438.6774 15.204
3440.8260 15.200
3442.9746 15.146
3445.1233 15.169
3447.2719 15.193
3449.4205 15.179
3451.5691 15.199
3453.7177 15.217
3455.8663 15.165
3458.0149 15.133
3460.1636 15.193
3462.3122 15.198
3464.4608 15.153
3466.6094 15.178
3468.7580 15.162
3470.9066 15.103
3473.0553 15.092
3475.2039 15.101
3477.3525 15.148
3479.5011 15.172
3481.6497 15.170
3483.7983 15.156
3485.9470 15.173
3488.0956 15.218
3490.2442 15.212
3492.3928 15.226
3494.5414 15.214
3496.6900 15.208
3498.8386 15.184
3500.9873 15.221
3503.1359 15.191
3505.2845 15.181
3507.4331 15.197
3509.5817 15.195
3511.7303 15.208
3513.8790 15.237
3516.0276 15.216
3518.1762 15.184
3520.3248 15.163
3522.4734 15.175
3524.6220 15.152
3526.7707 15.171
3528.9193 15.229
3531.0679 15.196
3533.2165 15.255
3535.3651 15.212
3537.5137 15.188
3539.6623 15.212
3541.8110 15.204
3543.9596 15.208
3546.1082 15.203
3548.2568 15.218
3550.4054 15.260
3552.5540 15.202
3554.7027 15.188
3556.8513 15.205
3558.9999 15.262
3561.1485 15.231
3563.2971 15.249
3565.4457 15.227
3567.5944 15.218
3569.7430 15.248
3571.8916 15.218
3574.0402 15.199
3576.1888 15.173
3578.3374 15.204
3580.4860 15.267
3582.6347 15.336
3584.7833 15.315
3586.9319 15.268
3589.0805 15.281
3591.2291 15.294
3593.3777 15.255
3595.5264 15.238
3597.6750 15.257
3599.8236 15.279
3601.9722 15.244
3604.1208 15.242
3606.2694 15.262
3608.4181 15.310
3610.5667 15.294
3612.7153 15.281
3614.8639 15.290
3617.0125 15.319
3619.1611 15.296
3621.3097 15.267
3623.4584 15.269
3625.6070 15.239
3627.7556 15.275
3629.9042 15.299
3632.0528 15.344
3634.2014 15.340
3636.3501 15.308
3638.4987 15.294
3640.6473 15.301
3642.7959 15.268
3644.9445 15.265
3647.0931 15.237
3649.2418 15.270
3651.3904 15.280
3653.5390 15.258
3655.6876 15.294
3657.8362 15.251
3659.9848 15.202
3662.1334 15.229
3664.2821 15.210
3666.4307 15.200
3668.5793 15.245
3670.7279 15.270
3672.8765 15.247
3675.0251 15.252
3677.1738 15.234
3679.3224 15.236
3681.4710 15.236
3683.6196 15.240
3685.7682 15.265
3687.9168 15.250
3690.0655 15.239
3692.2141 15.222
3694.3627 15.259
3696.5113 15.329
3698.6599 15.344
3700.8085 15.377
3702.9571 15.416
3705.1058 15.397
3707.2544 15.393
3709.4030 15.349
3711.5516 15.305
3713.7002 15.286
3715.8488 15.325
3717.9975 15.307
3720.1461 15.310
3722.2947 15.349
3724.4433 15.287
3726.5919 15.246
3728.7405 15.247
3730.8892 15.226
3733.0378 15.233
3735.1864 15.216
3737.3350 15.219
3739.4836 15.213
3741.6322 15.250
3743.7808 15.284
3745.9295 15.282
3748.0781 15.272
3750.2267 15.294
3752.3753 15.330
3754.5239 15.328
3756.6725 15.347
3758.8212 15.355
3760.9698 15.322
3763.1184 15.270
3765.2670 15.307
3767.4156 15.348
3769.5642 15.344
3771.7129 15.326
3773.8615 15.321
3776.0101 15.308
3778.1587 15.300
3780.3073 15.291
3782.4559 15.281
3784.6045 15.281
3786.7532 15.303
3788.9018 15.315
3791.0504 15.315
3793.1990 15.376
3795.3476 15.381
3797.4962 15.340
3799.6449 15.312
3801.7935 15.324
3803.9421 15.361
3806.0907 15.370
3808.2393 15.352
3810.3879 15.362
3812.5366 15.437
3814.6852 15.528
3816.8338 15.535
3818.9824 15.527
3821.1310 15.498
3823.2796 15.438
3825.4282 15.423
3827.5769 15.372
3829.7255 15.361
3831.8741 15.345
3834.0227 15.348
3836.1713 15.400
3838.3199 15.380
3840.4686 15.327
3842.6172 15.339
3844.7658 15.373
3846.9144 15.371
3849.0630 15.358
3851.2116 15.347
3853.3603 15.331
3855.5089 15.337
3857.6575 15.369
3859.8061 15.357
3861.9547 15.319
3864.1033 15.348
3866.2519 15.347
3868.4006 15.358
3870.5492 15.416
3872.6978 15.442
3874.8464 15.428
3876.9950 15.421
3879.1436 15.371
3881.2923 15.374
3883.4409 15.416
3885.5895 15.445
3887.7381 15.455
3889.8867 15.440
3892.0353 15.361
3894.1840 15.343
3896.3326 15.386
3898.4812 15.383
3900.6298 15.354
3902.7784 15.317
3904.9270 15.304
3907.0756 15.332
3909.2243 15.367
3911.3729 15.337
3913.5215 15.350
3915.6701 15.343
3917.8187 15.298
3919.9673 15.355
3922.1160 15.357
3924.2646 15.346
3926.4132 15.355
3928.5618 15.383
3930.7104 15.389
3932.8590 15.376
3935.0077 15.391
3937.1563 15.384
3939.3049 15.350
3941.4535 15.368
3943.6021 15.349
3945.7507 15.351
3947.8993 15.356
3950.0480 15.373
3952.1966 15.371
3954.3452 15.372
3956.4938 15.376
3958.6424 15.341
3960.7910 15.363
3962.9397 15.419
3965.0883 15.414
3967.2369 15.402
3969.3855 15.395
3971.5341 15.374
3973.6827 15.354
3975.8314 15.353
3977.9800 15.363
3980.1286 15.322
3982.2772 15.292
3984.4258 15.287
3986.5744 15.314
3988.7230 15.306
3990.8717 15.332
3993.0203 15.349
3995.1689 15.386
3997.3175 15.382
3999.4661 15.371
4001.6147 15.394
4003.7634 15.423
4005.9120 15.404
4008.0606 15.395
4010.2092 15.427
4012.3578 15.395
4014.5064 15.370
4016.6551 15.407
4018.8037 15.419
4020.9523 15.431
4023.1009 15.505
4025.2495 15.545
4027.3981 15.541
4029.5467 15.522
4031.6954 15.463
4033.8440 15.452
4035.9926 15.395
4038.1412 15.356
4040.2898 15.375
4042.4384 15.399
4044.5871 15.415
4046.7357 15.391
4048.8843 15.368
4051.0329 15.324
4053.1815 15.319
4055.3301 15.341
4057.4788 15.371
4059.6274 15.359
4061.7760 15.376
4063.9246 15.378
4066.0732 15.434
4068.2218 15.443
4070.3704 15.446
4072.5191 15.397
4074.6677 15.392
4076.8163 15.389
4078.9649 15.370
4081.1135 15.371
4083.2621 15.360
4085.4108 15.357
4087.5594 15.377
4089.7080 15.416
4091.8566 15.381
4094.0052 15.384
4096.1538 15.403
4098.3025 15.444
4100.4511 15.417
4102.5997 15.384
4104.7483 15.376
4106.8969 15.376
4109.0455 15.379
4111.1941 15.374
4113.3428 15.368
4115.4914 15.373
4117.6400 15.403
4119.7886 15.417
4121.9372 15.416
4124.0858 15.416
4126.2345 15.377
4128.3831 15.378
4130.5317 15.398
4132.6803 15.427
4134.8289 15.411
4136.9775 15.405
4139.1262 15.436
4141.2748 15.425
4143.4234 15.419
4145.5720 15.401
4147.7206 15.434
4149.8692 15.444
4152.0178 15.406
4154.1665 15.400
4156.3151 15.397
4158.4637 15.373
4160.6123 15.363
4162.7609 15.342
4164.9095 15.374
4167.0582 15.366
4169.2068 15.391
4171.3554 15.422
4173.5040 15.379
4175.6526 15.387
4177.8012 15.372
4179.9499 15.408
4182.0985 15.404
4184.2471 15.378
4186.3957 15.377
4188.5443 15.380
4190.6929 15.412
4192.8415 15.421
4194.9902 15.400
4197.1388 15.416
4199.2874 15.437
4201.4360 15.452
4203.5846 15.464
4205.7332 15.427
4207.8819 15.438
4210.0305 15.407
4212.1791 15.377
4214.3277 15.362
4216.4763 15.378
4218.6249 15.373
4220.7736 15.387
4222.9222 15.383
4225.0708 15.386
4227.2194 15.409
4229.3680 15.384
4231.5166 15.354
4233.6652 15.359
4235.8139 15.411
4237.9625 15.436
4240.1111 15.472
4242.2597 15.433
4244.4083 15.412
4246.5569 15.408
4248.7056 15.414
4250.8542 15.376
4253.0028 15.391
4255.1514 15.411
4257.3000 15.408
4259.4486 15.390
4261.5973 15.376
4263.7459 15.398
4265.8945 15.428
4268.0431 15.423
4270.1917 15.406
4272.3403 15.383
4274.4889 15.373
4276.6376 15.386
4278.7862 15.409
4280.9348 15.411
4283.0834 15.440
4285.2320 15.439
4287.3806 15.431
4289.5293 15.399
4291.6779 15.363
4293.8265 15.387
4295.9751 15.393
4298.1237 15.406
4300.2723 15.411
4302.4210 15.407
4304.5696 15.418
4306.7182 15.457
4308.8668 15.478
4311.0154 15.468
4313.1640 15.449
4315.3126 15.461
4317.4613 15.460
4319.6099 15.452
4321.7585 15.490
4323.9071 15.514
4326.0557 15.524
4328.2043 15.509
4330.3530 15.534
4332.5016 15.486
4334.6502 15.478
4336.7988 15.477
4338.9474 15.503
4341.0960 15.548
4343.2447 15.511
4345.3933 15.487
4347.5419 15.481
4349.6905 15.464
4351.8391 15.467
4353.9877 15.489
4356.1364 15.502
4358.2850 15.464
4360.4336 15.479
4362.5822 15.479
4364.7308 15.460
4366.8794 15.478
4369.0280 15.480
4371.1767 15.508
4373.3253 15.505
4375.4739 15.542
4377.6225 15.558
4379.7711 15.551
4381.9197 15.572
4384.0684 15.622
4386.2170 15.599
4388.3656 15.605
4390.5142 15.548
4392.6628 15.489
4394.8114 15.463
4396.9601 15.444
4399.1087 15.409
4401.2573 15.441
4403.4059 15.418
4405.5545 15.390
4407.7031 15.399
4409.8517 15.457
4412.0004 15.451
4414.1490 15.453
4416.2976 15.460
4418.4462 15.471
4420.5948 15.465
4422.7434 15.423
4424.8921 15.443
4427.0407 15.436
4429.1893 15.442
4431.3379 15.476
4433.4865 15.429
4435.6351 15.449
4437.7838 15.466
4439.9324 15.432
4442.0810 15.437
4444.2296 15.439
4446.3782 15.456
4448.5268 15.440
4450.6754 15.426
4452.8241 15.439
4454.9727 15.481
4457.1213 15.495
4459.2699 15.508
4461.4185 15.505
4463.5671 15.518
4465.7158 15.571
4467.8644 15.620
4470.0130 15.628
4472.1616 15.639
4474.3102 15.550
4476.4588 15.512
4478.6075 15.472
4480.7561 15.427
4482.9047 15.459
4485.0533 15.471
4487.2019 15.462
4489.3505 15.461
4491.4991 15.456
4493.6478 15.440
4495.7964 15.417
4497.9450 15.430
4500.0936 15.475
4502.2422 15.458
4504.3908 15.440
4506.5395 15.438
4508.6881 15.462
4510.8367 15.468
4512.9853 15.471
4515.1339 15.463
4517.2825 15.472
4519.4312 15.437
4521.5798 15.446
4523.7284 15.430
4525.8770 15.463
4528.0256 15.485
4530.1742 15.465
4532.3228 15.464
4534.4715 15.467
4536.6201 15.516
4538.7687 15.551
4540.9173 15.573
4543.0659 15.566
4545.2145 15.533
4547.3632 15.524
4549.5118 15.484
4551.6604 15.498
4553.8090 15.453
4555.9576 15.481
4558.1062 15.461
4560.2549 15.411
4562.4035 15.407
4564.5521 15.388
4566.7007 15.410
4568.8493 15.418
4570.9979 15.387
4573.1465 15.407
4575.2952 15.416
4577.4438 15.438
4579.5924 15.465
4581.7410 15.434
4583.8896 15.434
4586.0382 15.405
4588.1869 15.393
4590.3355 15.387
4592.4841 15.411
4594.6327 15.371
4596.7813 15.392
4598.9299 15.396
4601.0786 15.388
4603.2272 15.395
4605.3758 15.418
4607.5244 15.402
4609.6730 15.389
4611.8216 15.390
4613.9702 15.388
4616.1189 15.430
4618.2675 15.421
4620.4161 15.431
4622.5647 15.446
4624.7133 15.414
4626.8619 15.459
4629.0106 15.439
4631.1592 15.414
4633.3078 15.438
4635.4564 15.405
4637.6050 15.433
4639.7536 15.481
4641.9023 15.501
4644.0509 15.475
4646.1995 15.520
4648.3481 15.549
4650.4967 15.517
4652.6453 15.516
4654.7939 15.507
4656.9426 15.471
4659.0912 15.443
4661.2398 15.424
4663.3884 15.433
4665.5370 15.427
4667.6856 15.412
4669.8343 15.450
4671.9829 15.469
4674.1315 15.460
4676.2801 15.483
4678.4287 15.534
4680.5773 15.567
4682.7260 15.565
4684.8746 15.615
4687.0232 15.630
4689.1718 15.621
4691.3204 15.584
4693.4690 15.537
4695.6176 15.500
4697.7663 15.439
4699.9149 15.419
4702.0635 15.413
4704.2121 15.436
4706.3607 15.436
4708.5093 15.488
4710.6580 15.487
4712.8066 15.470
4714.9552 15.486
4717.1038 15.462
4719.2524 15.435
4721.4010 15.437
4723.5497 15.435
4725.6983 15.432
4727.8469 15.391
4729.9955 15.417
4732.1441 15.439
4734.2927 15.389
4736.4413 15.372
4738.5900 15.369
4740.7386 15.365
4742.8872 15.405
4745.0358 15.453
4747.1844 15.456
4749.3330 15.469
4751.4817 15.463
4753.6303 15.409
4755.7789 15.423
4757.9275 15.403
4760.0761 15.407
4762.2247 15.414
4764.3734 15.448
4766.5220 15.468
4768.6706 15.467
4770.8192 15.467
4772.9678 15.467
4775.1164 15.461
4777.2650 15.471
4779.4137 15.462
4781.5623 15.467
4783.7109 15.458
4785.8595 15.461
4788.0081 15.452
4790.1567 15.463
4792.3054 15.485
4794.4540 15.486
4796.6026 15.484
4798.7512 15.510
4800.8998 15.530
4803.0484 15.501
4805.1971 15.502
4807.3457 15.510
4809.4943 15.506
4811.6429 15.488
4813.7915 15.485
4815.9401 15.518
4818.0887 15.503
4820.2374 15.500
4822.3860 15.541
4824.5346 15.553
4826.6832 15.545
4828.8318 15.530
4830.9804 15.501
4833.1291 15.537
4835.2777 15.543
4837.4263 15.516
4839.5749 15.510
4841.7235 15.547
4843.8721 15.560
4846.0208 15.563
4848.1694 15.616
4850.3180 15.624
4852.4666 15.635
4854.6152 15.645
4856.7638 15.698
4858.9124 15.733
4861.0611 15.721
4863.2097 15.714
4865.3583 15.700
4867.5069 15.710
4869.6555 15.707
4871.8041 15.632
4873.9528 15.631
4876.1014 15.603
4878.2500 15.588
4880.3986 15.564
4882.5472 15.543
4884.6958 15.586
4886.8445 15.596
4888.9931 15.609
4891.1417 15.624
4893.2903 15.607
4895.4389 15.585
4897.5875 15.580
4899.7361 15.593
4901.8848 15.594
4904.0334 15.575
4906.1820 15.497
4908.3306 15.565
4910.4792 15.622
4912.6278 15.647
4914.7765 15.673
4916.9251 15.696
4919.0737 15.698
4921.2223 15.689
4923.3709 15.645
4925.5195 15.618
4927.6682 15.611
4929.8168 15.610
4931.9654 15.611
4934.1140 15.617
4936.2626 15.602
4938.4112 15.574
4940.5598 15.578
4942.7085 15.590
4944.8571 15.616
4947.0057 15.576
4949.1543 15.525
4951.3029 15.524
4953.4515 15.498
4955.6002 15.451
4957.7488 15.490
4959.8974 15.527
4962.0460 15.546
4964.1946 15.576
4966.3432 15.606
4968.4919 15.588
4970.6405 15.574
4972.7891 15.564
4974.9377 15.567
4977.0863 15.577
4979.2349 15.601
4981.3835 15.614
4983.5322 15.620
4985.6808 15.614
4987.8294 15.609
4989.9780 15.605
4992.1266 15.601
4994.2752 15.595
4996.4239 15.581
4998.5725 15.593
5000.7211 15.622
5002.8697 15.603
5005.0183 15.590
5007.1669 15.590
5009.3156 15.588
5011.4642 15.585
5013.6128 15.584
5015.7614 15.575
5017.9100 15.558
5020.0586 15.580
5022.2072 15.582
5024.3559 15.531
5026.5045 15.532
5028.6531 15.551
5030.8017 15.528
5032.9503 15.514
5035.0989 15.509
5037.2476 15.539
5039.3962 15.568
5041.5448 15.574
5043.6934 15.552
5045.8420 15.516
5047.9906 15.531
5050.1393 15.547
5052.2879 15.564
5054.4365 15.554
5056.5851 15.541
5058.7337 15.544
5060.8823 15.538
5063.0309 15.527
5065.1796 15.541
5067.3282 15.555
5069.4768 15.569
5071.6254 15.562
5073.7740 15.551
5075.9226 15.558
5078.0713 15.554
5080.2199 15.540
5082.3685 15.521
5084.5171 15.522
5086.6657 15.575
5088.8143 15.580
5090.9630 15.565
5093.1116 15.557
5095.2602 15.553
5097.4088 15.552
5099.5574 15.565
5101.7060 15.573
5103.8546 15.557
5106.0033 15.544
5108.1519 15.532
5110.3005 15.551
5112.4491 15.555
5114.5977 15.536
5116.7463 15.548
5118.8950 15.573
5121.0436 15.624
5123.1922 15.634
5125.3408 15.612
5127.4894 15.612
5129.6380 15.624
5131.7867 15.655
5133.9353 15.630
5136.0839 15.591
5138.2325 15.592
5140.3811 15.596
5142.5297 15.604
5144.6783 15.596
5146.8270 15.584
5148.9756 15.565
5151.1242 15.564
5153.2728 15.572
5155.4214 15.582
5157.5700 15.583
5159.7187 15.574
5161.8673 15.560
5164.0159 15.551
5166.1645 15.558
5168.3131 15.577
5170.4617 15.603
5172.6104 15.633
5174.7590 15.647
5176.9076 15.637
5179.0562 15.599
5181.2048 15.560
5183.3534 15.554
5185.5020 15.565
5187.6507 15.588
5189.7993 15.594
5191.9479 15.592
5194.0965 15.578
5196.2451 15.573
5198.3937 15.571
5200.5424 15.568
5202.6910 15.576
5204.8396 15.595
5206.9882 15.576
5209.1368 15.554
5211.2854 15.537
5213.4341 15.547
5215.5827 15.570
5217.7313 15.596
5219.8799 15.602
5222.0285 15.583
5224.1771 15.573
5226.3257 15.570
5228.4744 15.581
5230.6230 15.569
5232.7716 15.543
5234.9202 15.572
5237.0688 15.602
5239.2174 15.632
5241.3661 15.626
5243.5147 15.613
5245.6633 15.613
5247.8119 15.595
5249.9605 15.562
5252.1091 15.564
5254.2578 15.569
5256.4064 15.573
5258.5550 15.563
5260.7036 15.549
5262.8522 15.552
5265.0008 15.554
5267.1494 15.553
5269.2981 15.552
5271.4467 15.551
5273.5953 15.548
5275.7439 15.566
5277.8925 15.595
5280.0411 15.641
5282.1898 15.665
5284.3384 15.662
5286.4870 15.668
5288.6356 15.669
5290.7842 15.648
5292.9328 15.622
5295.0815 15.592
5297.2301 15.611
5299.3787 15.616
5301.5273 15.597
5303.6759 15.623
5305.8245 15.652
5307.9731 15.628
5310.1218 15.604
5312.2704 15.580
5314.4190 15.600
5316.5676 15.621
5318.7162 15.640
5320.8648 15.630
5323.0135 15.611
5325.1621 15.626
5327.3107 15.639
5329.4593 15.650
5331.6079 15.636
5333.7565 15.620
5335.9052 15.610
5338.0538 15.628
5340.2024 15.661
5342.3510 15.673
5344.4996 15.666
5346.6482 15.634
5348.7968 15.635
5350.9455 15.642
5353.0941 15.642
5355.2427 15.652
5357.3913 15.667
5359.5399 15.665
5361.6885 15.652
5363.8372 15.620
5365.9858 15.584
5368.1344 15.556
5370.2830 15.583
5372.4316 15.611
5374.5802 15.640
5376.7289 15.644
5378.8775 15.643
5381.0261 15.633
5383.1747 15.640
5385.3233 15.652
5387.4719 15.639
5389.6205 15.647
5391.7692 15.681
5393.9178 15.687
5396.0664 15.685
5398.2150 15.671
5400.3636 15.696
5402.5122 15.742
5404.6609 15.751
5406.8095 15.754
5408.9581 15.749
5411.1067 15.779
5413.2553 15.810
5415.4039 15.799
5417.5526 15.799
5419.7012 15.805
5421.8498 15.773
5423.9984 15.750
5426.1470 15.746
5428.2956 15.734
5430.4443 15.714
5432.5929 15.657
5434.7415 15.654
5436.8901 15.700
5439.0387 15.691
5441.1873 15.670
5443.3359 15.636
5445.4846 15.617
5447.6332 15.609
5449.7818 15.653
5451.9304 15.692
5454.0790 15.725
5456.2276 15.734
5458.3763 15.737
5460.5249 15.736
5462.6735 15.707
5464.8221 15.663
5466.9707 15.641
5469.1193 15.631
5471.2680 15.638
5473.4166 15.661
5475.5652 15.687
5477.7138 15.709
5479.8624 15.692
5482.0110 15.647
5484.1596 15.687
5486.3083 15.705
5488.4569 15.675
5490.6055 15.655
5492.7541 15.638
5494.9027 15.615
5497.0513 15.605
5499.2000 15.607
5501.3486 15.624
5503.4972 15.638
5505.6458 15.640
5507.7944 15.647
5509.9430 15.654
5512.0917 15.643
5514.2403 15.637
5516.3889 15.638
5518.5375 15.617
5520.6861 15.601
5522.8347 15.616
5524.9833 15.607
5527.1320 15.585
5529.2806 15.594
5531.4292 15.604
5533.5778 15.617
5535.7264 15.641
5537.8750 15.660
5540.0237 15.632
5542.1723 15.613
5544.3209 15.600
5546.4695 15.618
5548.6181 15.630
5550.7667 15.628
5552.9154 15.629
5555.0640 15.633
5557.2126 15.662
5559.3612 15.662
5561.5098 15.632
5563.6584 15.617
5565.8070 15.611
5567.9557 15.625
5570.1043 15.631
5572.2529 15.634
5574.4015 15.639
5576.5501 15.643
5578.6987 15.646
5580.8474 15.692
5582.9960 15.720
5585.1446 15.649
5587.2932 15.658
5589.4418 15.719
5591.5904 15.696
5593.7391 15.680
5595.8877 15.676
5598.0363 15.652
5600.1849 15.627
5602.3335 15.637
5604.4821 15.616
5606.6307 15.570
5608.7794 15.555
5610.9280 15.553
5613.0766 15.570
5615.2252 15.603
5617.3738 15.639
5619.5224 15.658
5621.6711 15.678
5623.8197 15.696
5625.9683 15.667
5628.1169 15.636
5630.2655 15.620
5632.4141 15.627
5634.5628 15.644
5636.7114 15.603
5638.8600 15.577
5641.0086 15.569
5643.1572 15.604
5645.3058 15.639
5647.4544 15.633
5649.6031 15.629
5651.7517 15.627
5653.9003 15.628
5656.0489 15.628
5658.1975 15.625
5660.3461 15.670
5662.4948 15.721
5664.6434 15.718
5666.7920 15.703
5668.9406 15.675
5671.0892 15.657
5673.2378 15.641
5675.3865 15.629
5677.5351 15.633
5679.6837 15.647
5681.8323 15.684
5683.9809 15.697
5686.1295 15.684
5688.2781 15.686
5690.4268 15.688
5692.5754 15.684
5694.7240 15.670
5696.8726 15.650
5699.0212 15.620
5701.1698 15.612
5703.3185 15.633
5705.4671 15.669
5707.6157 15.695
5709.7643 15.673
5711.9129 15.661
5714.0615 15.655
5716.2102 15.645
5718.3588 15.638
5720.5074 15.634
5722.6560 15.658
5724.8046 15.683
5726.9532 15.662
5729.1018 15.659
5731.2505 15.671
5733.3991 15.700
5735.5477 15.723
5737.6963 15.728
5739.8449 15.736
5741.9935 15.743
5744.1422 15.732
5746.2908 15.710
5748.4394 15.676
5750.5880 15.658
5752.7366 15.642
5754.8852 15.624
5757.0339 15.629
5759.1825 15.646
5761.3311 15.671
5763.4797 15.682
5765.6283 15.672
5767.7769 15.676
5769.9255 15.688
5772.0742 15.710
5774.2228 15.705
5776.3714 15.680
5778.5200 15.691
5780.6686 15.698
5782.8172 15.700
5784.9659 15.704
5787.1145 15.710
5789.2631 15.724
5791.4117 15.717
5793.5603 15.692
5795.7089 15.678
5797.8576 15.668
5800.0062 15.664
5802.1548 15.678
5804.3034 15.697
5806.4520 15.676
5808.6006 15.657
5810.7492 15.639
5812.8979 15.649
5815.0465 15.656
5817.1951 15.635
5819.3437 15.625
5821.4923 15.621
5823.6409 15.646
5825.7896 15.671
5827.9382 15.696
5830.0868 15.698
5832.2354 15.692
5834.3840 15.668
5836.5326 15.647
5838.6813 15.629
5840.8299 15.627
5842.9785 15.631
5845.1271 15.641
5847.2757 15.654
5849.4243 15.664
5851.5729 15.648
5853.7216 15.655
5855.8702 15.684
5858.0188 15.695
5860.1674 15.686
5862.3160 15.633
5864.4646 15.628
5866.6133 15.647
5868.7619 15.677
5870.9105 15.720
5873.0591 15.781
5875.2077 15.787
5877.3563 15.774
5879.5050 15.732
5881.6536 15.726
5883.8022 15.743
5885.9508 15.734
5888.0994 15.721
5890.2480 15.700
5892.3966 15.712
5894.5453 15.733
5896.6939 15.755
5898.8425 15.756
5900.9911 15.740
5903.1397 15.757
5905.2883 15.765
5907.4370 15.751
5909.5856 15.717
5911.7342 15.679
5913.8828 15.661
5916.0314 15.673
5918.1800 15.715
5920.3287 15.706
5922.4773 15.678
5924.6259 15.618
5926.7745 15.624
5928.9231 15.662
5931.0717 15.651
5933.2203 15.627
5935.3690 15.586
5937.5176 15.606
5939.6662 15.638
5941.8148 15.662
5943.9634 15.674
5946.1120 15.679
5948.2607 15.664
5950.4093 15.657
5952.5579 15.664
5954.7065 15.659
5956.8551 15.657
5959.0037 15.691
5961.1524 15.723
5963.3010 15.753
5965.4496 15.760
5967.5982 15.766
5969.7468 15.772
5971.8954 15.735
5974.0440 15.686
5976.1927 15.679
5978.3413 15.682
5980.4899 15.696
5982.6385 15.722
5984.7871 15.745
5986.9357 15.752
5989.0844 15.762
5991.2330 15.774
5993.3816 15.772
5995.5302 15.754
5997.6788 15.715
5999.8274 15.729
6001.9761 15.754
6004.1247 15.778
6006.2733 15.776
6008.4219 15.757
6010.5705 15.757
6012.7191 15.751
6014.8677 15.737
6017.0164 15.712
6019.1650 15.686
6021.3136 15.675
6023.4622 15.676
6025.6108 15.689
6027.7594 15.736
6029.9081 15.761
6032.0567 15.732
6034.2053 15.725
6036.3539 15.723
6038.5025 15.692
6040.6511 15.664
6042.7998 15.641
6044.9484 15.633
6047.0970 15.635
6049.2456 15.657
6051.3942 15.677
6053.5428 15.695
6055.6914 15.688
6057.8401 15.691
6059.9887 15.709
6062.1373 15.708
6064.2859 15.693
6066.4345 15.640
6068.5831 15.637
6070.7318 15.669
6072.8804 15.689
6075.0290 15.718
6077.1776 15.764
6079.3262 15.747
6081.4748 15.709
6083.6235 15.671
6085.7721 15.654
6087.9207 15.654
6090.0693 15.666
6092.2179 15.663
6094.3665 15.625
6096.5151 15.663
6098.6638 15.728
6100.8124 15.694
6102.9610 15.670
6105.1096 15.659
6107.2582 15.680
6109.4068 15.707
6111.5555 15.736
6113.7041 15.739
6115.8527 15.725
6118.0013 15.734
6120.1499 15.748
6122.2985 15.768
6124.4472 15.750
6126.5958 15.727
6128.7444 15.727
6130.8930 15.755
6133.0416 15.804
6135.1902 15.749
6137.3388 15.715
6139.4875 15.729
6141.6361 15.709
6143.7847 15.678
6145.9333 15.652
6148.0819 15.680
6150.2305 15.760
6152.3792 15.774
6154.5278 15.769
6156.6764 15.736
6158.8250 15.733
6160.9736 15.744
6163.1222 15.748
6165.2709 15.747
6167.4195 15.740
6169.5681 15.747
6171.7167 15.740
6173.8653 15.683
6176.0139 15.666
6178.1625 15.674
6180.3112 15.702
6182.4598 15.715
6184.6084 15.705
6186.7570 15.722
6188.9056 15.739
6191.0542 15.715
6193.2029 15.689
6195.3515 15.661
6197.5001 15.720
6199.6487 15.746
6201.7973 15.699
6203.9459 15.711
6206.0946 15.742
6208.2432 15.743
6210.3918 15.754
6212.5404 15.775
6214.6890 15.802
6216.8376 15.798
6218.9862 15.716
6221.1349 15.723
6223.2835 15.773
6225.4321 15.794
6227.5807 15.769
6229.7293 15.686
6231.8779 15.688
6234.0266 15.712
6236.1752 15.753
6238.3238 15.762
6240.4724 15.750
6242.6210 15.775
6244.7696 15.777
6246.9183 15.741
6249.0669 15.709
6251.2155 15.691
6253.3641 15.738
6255.5127 15.764
6257.6613 15.775
6259.8099 15.785
6261.9586 15.806
6264.1072 15.846
6266.2558 15.808
6268.4044 15.743
6270.5530 15.730
6272.7016 15.756
6274.8503 15.825
6276.9989 15.863
6279.1475 15.879
6281.2961 15.846
6283.4447 15.791
6285.5933 15.729
6287.7420 15.779
6289.8906 15.800
6292.0392 15.781
6294.1878 15.871
6296.3364 15.965
6298.4850 15.987
6300.6336 15.930
6302.7823 15.820
6304.9309 15.820
6307.0795 15.850
6309.2281 15.930
6311.3767 15.913
6313.5253 15.870
6315.6740 15.847
6317.8226 15.842
6319.9712 15.850
6322.1198 15.797
6324.2684 15.764
6326.4170 15.785
6328.5657 15.774
6330.7143 15.748
6332.8629 15.710
6335.0115 15.735
6337.1601 15.829
6339.3087 15.783
6341.4573 15.721
6343.6060 15.674
6345.7546 15.667
6347.9032 15.682
6350.0518 15.700
6352.2004 15.742
6354.3490 15.819
6356.4977 15.777
6358.6463 15.721
6360.7949 15.725
6362.9435 15.699
6365.0921 15.652
6367.2407 15.677
6369.3894 15.713
6371.5380 15.765
6373.6866 15.798
6375.8352 15.821
6377.9838 15.823
6380.1324 15.835
6382.2810 15.856
6384.4297 15.839
6386.5783 15.815
6388.7269 15.783
6390.8755 15.776
6393.0241 15.789
6395.1727 15.878
6397.3214 15.899
6399.4700 15.845
6401.6186 15.828
6403.7672 15.825
6405.9158 15.845
6408.0644 15.880
6410.2131 15.922
6412.3617 15.886
6414.5103 15.867
6416.6589 15.874
6418.8075 15.854
6420.9561 15.828
6423.1047 15.805
6425.2534 15.776
6427.4020 15.741
6429.5506 15.803
6431.6992 15.818
6433.8478 15.739
6435.9964 15.741
6438.1451 15.770
6440.2937 15.797
6442.4423 15.792
6444.5909 15.757
6446.7395 15.814
6448.8881 15.867
6451.0368 15.887
6453.1854 15.837
6455.3340 15.763
6457.4826 15.780
6459.6312 15.792
6461.7798 15.800
6463.9284 15.808
6466.0771 15.817
6468.2257 15.825
6470.3743 15.818
6472.5229 15.801
6474.6715 15.767
6476.8201 15.756
6478.9688 15.781
6481.1174 15.785
6483.2660 15.783
6485.4146 15.779
6487.5632 15.832
6489.7118 15.931
6491.8605 15.889
6494.0091 15.835
6496.1577 15.772
6498.3063 15.800
6500.4549 15.852
6502.6035 15.830
6504.7522 15.810
6506.9008 15.792
6509.0494 15.812
6511.1980 15.834
6513.3466 15.849
6515.4952 15.879
6517.6438 15.911
6519.7925 15.870
6521.9411 15.838
6524.0897 15.816
6526.2383 15.872
6528.3869 15.920
6530.5355 15.893
6532.6842 15.876
6534.8328 15.865
6536.9814 15.878
6539.1300 15.864
6541.2786 15.804
6543.4272 15.827
6545.5759 15.871
6547.7245 15.906
6549.8731 15.906
6552.0217 15.880
6554.1703 15.897
6556.3189 15.924
6558.4675 15.966
6560.6162 15.972
6562.7648 15.962
6564.9134 15.935
6567.0620 15.928
6569.2106 15.941
6571.3592 15.890
6573.5079 15.831
6575.6565 15.775
6577.8051 15.804
6579.9537 15.872
6582.1023 15.853
6584.2509 15.814
6586.3996 15.748
6588.5482 15.793
6590.6968 15.852
6592.8454 15.876
6594.9940 15.865
6597.1426 15.833
6599.2912 15.819
6601.4399 15.812
6603.5885 15.815
6605.7371 15.802
6607.8857 15.787
6610.0343 15.782
6612.1829 15.825
6614.3316 15.908
6616.4802 15.863
6618.6288 15.834
6620.7774 15.858
6622.9260 15.825
6625.0746 15.781
6627.2233 15.830
6629.3719 15.864
6631.5205 15.882
6633.6691 15.864
6635.8177 15.836
6637.9663 15.795
6640.1149 15.768
6642.2636 15.756
6644.4122 15.859
6646.5608 15.889
6648.7094 15.821
6650.8580 15.817
6653.0066 15.829
6655.1553 15.847
6657.3039 15.839
6659.4525 15.814
6661.6011 15.830
6663.7497 15.849
6665.8983 15.870
6668.0470 15.832
6670.1956 15.789
6672.3442 15.830
6674.4928 15.859
6676.6414 15.878
6678.7900 15.880
6680.9386 15.874
6683.0873 15.849
6685.2359 15.827
6687.3845 15.806
6689.5331 15.770
6691.6817 15.797
6693.8303 15.894
6695.9790 15.887
6698.1276 15.865
6700.2762 15.846
6702.4248 15.870
6704.5734 15.917
6706.7220 15.941
6708.8707 15.965
6711.0193 15.989
6713.1679 15.951
6715.3165 15.904
6717.4651 15.882
6719.6137 15.855
6721.7623 15.825
6723.9110 15.833
6726.0596 15.835
6728.2082 15.823
6730.3568 15.832
6732.5054 15.838
6734.6540 15.779
6736.8027 15.766
6738.9513 15.795
6741.0999 15.831
6743.2485 15.864
6745.3971 15.890
6747.5457 15.879
6749.6944 15.846
6751.8430 15.745
6753.9916 15.721
6756.1402 15.786
6758.2888 15.842
6760.4374 15.877
6762.5860 15.849
6764.7347 15.796
6766.8833 15.729
6769.0319 15.701
6771.1805 15.699
6773.3291 15.735
6775.4777 15.781
6777.6264 15.818
6779.7750 15.807
6781.9236 15.802
6784.0722 15.803
6786.2208 15.778
6788.3694 15.756
6790.5181 15.742
6792.6667 15.778
6794.8153 15.824
6796.9639 15.810
6799.1125 15.809
6801.2611 15.822
6803.4097 15.809
6805.5584 15.780
6807.7070 15.719
6809.8556 15.731
6812.0042 15.770
6814.1528 15.724
6816.3014 15.727
6818.4501 15.788
6820.5987 15.803
6822.7473 15.788
6824.8959 15.698
6827.0445 15.646
6829.1931 15.618
6831.3418 15.671
6833.4904 15.727
6835.6390 15.788
6837.7876 15.757
6839.9362 15.702
6842.0848 15.654
6844.2334 15.671
6846.3821 15.737
6848.5307 15.793
6850.6793 15.825
6852.8279 15.814
6854.9765 15.796
6857.1251 15.788
6859.2738 15.869
6861.4224 15.933
6863.5710 15.979
6865.7196 15.989
6867.8682 16.019
6870.0168 16.110
6872.1655 16.097
6874.3141 16.031
6876.4627 15.967
6878.6113 15.931
6880.7599 15.932
6882.9085 15.999
6885.0571 16.051
6887.2058 15.998
6889.3544 15.962
6891.5030 15.937
6893.6516 15.898
6895.8002 15.867
6897.9488 15.848
6900.0975 15.823
6902.2461 15.800
6904.3947 15.800
6906.5433 15.792
6908.6919 15.777
6910.8405 15.784
6912.9892 15.777
6915.1378 15.742
6917.2864 15.730
6919.4350 15.734
6921.5836 15.797
6923.7322 15.829
6925.8808 15.828
6928.0295 15.802
6930.1781 15.808
6932.3267 15.908
6934.4753 15.948
6936.6239 15.954
6938.7725 15.866
6940.9212 15.803
6943.0698 15.771
6945.2184 15.731
6947.3670 15.695
6949.5156 15.681
6951.6642 15.659
6953.8129 15.633
6955.9615 15.765
6958.1101 15.864
6960.2587 15.905
6962.4073 15.905
6964.5559 15.882
6966.7045 15.797
6968.8532 15.774
6971.0018 15.804
6973.1504 15.870
6975.2990 15.895
6977.4476 15.828
6979.5962 15.816
6981.7449 15.831
6983.8935 15.872
6986.0421 15.871
6988.1907 15.823
6990.3393 15.816
6992.4879 15.821
6994.6366 15.847
6996.7852 15.863
6998.9338 15.871
7001.0824 15.836
7003.2310 15.878
7005.3796 16.026
7007.5282 15.998
7009.6769 15.944
7011.8255 15.946
7013.9741 15.932
7016.1227 15.906
7018.2713 15.968
7020.4199 15.959
7022.5686 15.822
7024.7172 15.786
7026.8658 15.790
7029.0144 15.839
7031.1630 15.826
7033.3116 15.759
7035.4603 15.735
7037.6089 15.734
7039.7575 15.777
7041.9061 15.824
7044.0547 15.867
7046.2033 15.845
7048.3519 15.859
7050.5006 15.913
7052.6492 15.849
7054.7978 15.790
7056.9464 15.808
7059.0950 15.892
7061.2436 16.009
7063.3923 15.937
7065.5409 15.849
7067.6895 15.738
7069.8381 15.717
7071.9867 15.720
7074.1353 15.736
7076.2840 15.763
7078.4326 15.798
7080.5812 15.856
7082.7298 15.879
7084.8784 15.837
7087.0270 15.816
7089.1756 15.803
7091.3243 15.800
7093.4729 15.827
7095.6215 15.881
7097.7701 15.889
7099.9187 15.899
7102.0673 15.922
7104.2160 15.936
7106.3646 15.946
7108.5132 15.950
7110.6618 15.929
7112.8104 15.879
7114.9590 15.869
7117.1077 15.864
7119.2563 15.856
7121.4049 15.828
7123.5535 15.790
7125.7021 15.862
7127.8507 15.877
7129.9993 15.810
7132.1480 15.847
7134.2966 15.905
7136.4452 15.932
7138.5938 15.925
7140.7424 15.892
7142.8910 15.913
7145.0397 15.901
7147.1883 15.823
7149.3369 15.874
7151.4855 15.971
7153.6341 16.069
7155.7827 16.087
7157.9314 16.030
7160.0800 15.971
7162.2286 15.935
7164.3772 15.958
7166.5258 16.008
7168.6744 16.068
7170.8230 16.061
7172.9717 16.060
7175.1203 16.066
7177.2689 16.097
7179.4175 16.129
7181.5661 16.151
7183.7147 16.160
7185.8634 16.161
7188.0120 16.174
7190.1606 16.176
7192.3092 16.158
7194.4578 16.169
7196.6064 16.191
7198.7551 16.225
7200.9037 16.161
7203.0523 16.019
7205.2009 15.879
7207.3495 15.804
7209.4981 15.854
7211.6467 15.883
7213.7954 15.912
7215.9440 16.008
7218.0926 16.040
7220.2412 16.008
7222.3898 16.044
7224.5384 16.078
7226.6871 16.086
7228.8357 16.060
7230.9843 16.017
7233.1329 15.974
7235.2815 16.017
7237.4301 16.170
7239.5788 16.066
7241.7274 15.947
7243.8760 15.963
7246.0246 16.026
7248.1732 16.120
7250.3218 15.974
7252.4704 15.983
7254.6191 16.243
7256.7677 16.223
7258.9163 16.137
7261.0649 16.137
7263.2135 16.126
7265.3621 16.107
7267.5108 16.108
7269.6594 16.131
7271.8080 16.198
7273.9566 16.112
7276.1052 15.976
7278.2538 15.942
7280.4025 15.960
7282.5511 16.033
7284.6997 16.011
7286.8483 16.009
7288.9969 16.100
7291.1455 16.115
7293.2941 16.087
7295.4428 15.950
7297.5914 15.899
7299.7400 15.961
7301.8886 15.881
7304.0372 15.819
7306.1858 15.946
7308.3345 15.969
7310.4831 15.920
7312.6317 15.881
7314.7803 15.885
7316.9289 15.962
7319.0775 15.972
7321.2262 15.959
7323.3748 15.925
7325.5234 15.906
7327.6720 15.899
7329.8206 15.860
7331.9692 15.821
7334.1178 15.787
7336.2665 15.831
7338.4151 15.904
7340.5637 15.932
7342.7123 16.051
7344.8609 16.271
7347.0095 16.344
7349.1582 16.334
7351.3068 16.145
7353.4554 16.057
7355.6040 16.026
7357.7526 16.015
7359.9012 15.998
7362.0499 15.973
7364.1985 15.924
7366.3471 15.867
7368.4957 15.802
7370.6443 15.790
7372.7929 15.817
7374.9415 15.981
7377.0902 16.056
7379.2388 15.964
7381.3874 15.999
7383.5360 16.068
7385.6846 16.084
7387.8332 16.068
7389.9819 16.025
7392.1305 16.021
7394.2791 15.971
7396.4277 15.806
7398.5763 15.868
7400.7249 16.015
7402.8736 15.983
7405.0222 15.956
7407.1708 15.933
7409.3194 16.071
7411.4680 16.186
7413.6166 16.146
7415.7652 16.123
7417.9139 16.110
7420.0625 16.095
7422.2111 16.071
7424.3597 16.036
7426.5083 16.091
7428.6569 16.161
7430.8056 16.190
7432.9542 16.151
7435.1028 16.063
7437.2514 16.078
7439.4000 16.080
7441.5486 16.049
7443.6973 16.063
7445.8459 16.091
7447.9945 16.096
7450.1431 16.145
7452.2917 16.236
7454.4403 16.201
7456.5889 16.165
7458.7376 16.158
7460.8862 16.223
7463.0348 16.316
7465.1834 16.324
7467.3320 16.267
7469.4806 16.132
7471.6293 16.193
7473.7779 16.254
7475.9265 16.196
7478.0751 16.179
7480.2237 16.189
7482.3723 16.252
7484.5210 16.211
7486.6696 16.013
7488.8182 16.236
7490.9668 16.491
7493.1154 16.365
7495.2640 16.237
7497.4126 16.108
7499.5613 16.144
7501.7099 16.175
7503.8585 16.180
7506.0071 16.122
7508.1557 16.043
7510.3043 15.988
7512.4530 15.967
7514.6016 15.977
7516.7502 15.969
7518.8988 15.983
7521.0474 16.058
7523.1960 16.122
7525.3447 16.160
7527.4933 15.870
7529.6419 15.740
7531.7905 15.809
7533.9391 15.794
7536.0877 15.778
7538.2363 15.818
7540.3850 15.810
7542.5336 15.771
7544.6822 15.885
7546.8308 16.022
7548.9794 16.193
7551.1280 16.172
7553.2767 16.070
7555.4253 15.837
7557.5739 15.841
7559.7225 16.035
7561.8711 16.060
7564.0197 16.072
7566.1684 16.080
7568.3170 16.161
7570.4656 16.252
7572.6142 16.188
7574.7628 16.102
7576.9114 15.993
7579.0601 15.939
7581.2087 15.951
7583.3573 16.121
7585.5059 16.106
7587.6545 16.000
7589.8031 15.969
7591.9517 16.066
7594.1004 16.330
7596.2490 16.280
7598.3976 16.265
7600.5462 16.629
7602.6948 16.916
7604.8434 17.154
7606.9921 16.799
7609.1407 16.568
7611.2893 16.547
7613.4379 16.480
7615.5865 16.402
7617.7351 16.348
7619.8838 16.516
7622.0324 16.870
7624.1810 16.562
7626.3296 16.318
7628.4782 16.315
7630.6268 16.359
7632.7754 16.411
7634.9241 16.351
7637.0727 16.396
7639.2213 16.551
7641.3699 16.650
7643.5185 16.736
7645.6671 16.812
7647.8158 16.706
7649.9644 16.504
7652.1130 16.376
7654.2616 16.349
7656.4102 16.456
7658.5588 16.337
7660.7075 16.208
7662.8561 16.247
7665.0047 16.348
7667.1533 16.493
7669.3019 16.340
7671.4505 16.156
7673.5991 15.930
7675.7478 15.887
7677.8964 15.893
7680.0450 15.838
7682.1936 15.914
7684.3422 16.107
7686.4908 16.071
7688.6395 16.065
7690.7881 16.169
7692.9367 16.067
7695.0853 15.898
7697.2339 15.975
7699.3825 16.127
7701.5312 16.363
7703.6798 16.321
7705.8284 16.291
7707.9770 16.427
7710.1256 16.409
7712.2742 16.296
7714.4228 15.924
7716.5715 15.763
7718.7201 15.901
7720.8687 16.046
7723.0173 16.147
7725.1659 16.062
7727.3145 16.060
7729.4632 16.120
7731.6118 16.133
7733.7604 16.151
7735.9090 16.179
7738.0576 16.294
7740.2062 16.418
7742.3549 16.413
7744.5035 16.469
7746.6521 16.580
7748.8007 16.408
7750.9493 16.203
7753.0979 15.988
7755.2465 15.980
7757.3952 16.087
7759.5438 16.434
7761.6924 16.575
7763.8410 16.476
7765.9896 16.363
7768.1382 16.251
7770.2869 16.151
7772.4355 16.320
7774.5841 16.642
7776.7327 16.603
7778.8813 16.399
7781.0299 15.953
7783.1786 15.913
7785.3272 15.990
7787.4758 16.125
7789.6244 16.266
7791.7730 16.412
7793.9216 16.575
7796.0702 16.571
7798.2189 16.252
7800.3675 16.162
7802.5161 16.148
7804.6647 16.091
7806.8133 16.067
7808.9619 16.075
7811.1106 16.138
7813.2592 16.089
7815.4078 15.752
7817.5564 15.878
7819.7050 16.198
7821.8536 16.151
7824.0023 16.133
7826.1509 16.151
7828.2995 15.969
7830.4481 15.880
7832.5967 16.221
7834.7453 16.181
7836.8939 15.907
7839.0426 15.804
7841.1912 15.866
7843.3398 16.183
7845.4884 16.305
7847.6370 16.400
7849.7856 16.631
7851.9343 16.500
7854.0829 16.087
7856.2315 16.214
7858.3801 16.225
7860.5287 15.949
7862.6773 15.660
7864.8260 15.399
7866.9746 15.400
7869.1232 15.492
7871.2718 15.676
7873.4204 15.942
7875.5690 16.221
7877.7176 16.506
7879.8663 16.255
7882.0149 15.764
7884.1635 15.764
7886.3121 15.882
7888.4607 16.148
7890.6093 16.064
7892.7580 15.906
7894.9066 15.735
7897.0552 15.661
7899.2038 15.650
7901.3524 15.560
7903.5010 15.727
7905.6497 16.304
7907.7983 16.461
7909.9469 16.443
7912.0955 16.152
7914.2441 15.884
7916.3927 15.636
7918.5413 15.975
7920.6900 16.193
7922.8386 16.080
7924.9872 15.998
7927.1358 15.942
7929.2844 16.013
7931.4330 16.275
7933.5817 16.734
7935.7303 16.821
7937.8789 16.633
7940.0275 15.836
7942.1761 15.716
7944.3247 15.950
7946.4734 16.146
7948.6220 16.121
7950.7706 15.807
7952.9192 15.673
7955.0678 15.618
7957.2164 15.714
7959.3650 15.906
7961.5137 16.161
7963.6623 15.984
7965.8109 15.953
7967.9595 16.176
7970.1081 16.216
7972.2567 16.128
7974.4054 15.641
7976.5540 15.619
7978.7026 15.996
7980.8512 15.962
7982.9998 15.872
7985.1484 15.730
7987.2971 15.622
7989.4457 15.545
7991.5943 15.629
7993.7429 15.684
7995.8915 15.708
7998.0401 15.848
8000.1887 15.888
8002.3374 15.589
8004.4860 15.773
8006.6346 16.214
8008.7832 16.406
8010.9318 16.419
8013.0804 16.184
8015.2291 16.254
8017.3777 16.345
8019.5263 16.231
8021.6749 16.314
8023.8235 16.535
8025.9721 16.287
8028.1208 16.144
8030.2694 16.203
8032.4180 16.335
8034.5666 16.456
8036.7152 16.369
8038.8638 16.315
8041.0124 16.292
8043.1611 16.137
8045.3097 16.123
8047.4583 16.454
8049.6069 16.462
8051.7555 16.351
8053.9041 16.523
8056.0528 16.596
8058.2014 16.559
8060.3500 16.375
8062.4986 16.295
8064.6472 16.599
8066.7958 17.265
8068.9445 18.094
8071.0931 17.166
8073.2417 16.684
8075.3903 16.839
8077.5389 16.446
8079.6875 16.042
8081.8361 16.183
8083.9848 16.486
8086.1334 16.910
8088.2820 16.383
8090.4306 16.259
8092.5792 16.937
8094.7278 16.796
8096.8765 16.464
8099.0251 16.763
8101.1737 16.800
8103.3223 16.595
8105.4709 16.920
8107.6195 17.092
8109.7682 16.771
8111.9168 16.727
8114.0654 16.796
8116.2140 16.683
8118.3626 16.925
8120.5112 17.582
8122.6598 17.101
8124.8085 16.612
8126.9571 16.757
8129.1057 17.156
8131.2543 17.718
8133.4029 19.091
8135.5515 19.215
8137.7002 17.478
8139.8488 17.018
8141.9974 16.978
8144.1460 17.300
8146.2946 17.649
8148.4432 18.019
8150.5919 17.403
8152.7405 17.025
8154.8891 17.192
8157.0377 17.271
8159.1863 17.314
8161.3349 17.337
8163.4835 17.281
8165.6322 17.149
8167.7808 17.489
8169.9294 17.712
8172.0780 17.502
8174.2266 17.349
8176.3752 17.248
8178.5239 17.515
8180.6725 17.716
8182.8211 17.835
8184.9697 18.924
8187.1183 19.520
8189.2669 17.784
8191.4156 18.142
8193.5642  0.000
