2703.8508  0.000
2705.9322  0.000
2708.0135  0.000
2710.0949  0.000
2712.1762  0.000
2714.2576  0.000
2716.3390  0.000
2718.4203  0.000
2720.5017  0.000
2722.5831  0.000
2724.6644  0.000
2726.7458  0.000
2728.8271  0.000
2730.9085  0.000
2732.9899  0.000
2735.0712  0.000
2737.1526  0.000
2739.2340  0.000
2741.3153  0.000
2743.3967  0.000
2745.4780  0.000
2747.5594  0.000
2749.6408  0.000
2751.7221  0.000
2753.8035  0.000
2755.8849  0.000
2757.9662  0.000
2760.0476  0.000
2762.1289  0.000
2764.2103  0.000
2766.2917  0.000
2768.3730  0.000
2770.4544  0.000
2772.5358  0.000
2774.6171  0.000
2776.6985  0.000
2778.7798  0.000
2780.8612  0.000
2782.9426  0.000
2785.0239  0.000
2787.1053  0.000
2789.1867  0.000
2791.2680  0.000
2793.3494  0.000
2795.4307  0.000
2797.5121  0.000
2799.5935  0.000
2801.6748  0.000
2803.7562  0.000
2805.8375  0.000
2807.9189  0.000
2810.0003  0.000
2812.0816  0.000
2814.1630  0.000
2816.2444  0.000
2818.3257  0.000
2820.4071  0.000
2822.4884  0.000
2824.5698  0.000
2826.6512  0.000
2828.7325  0.000
2830.8139  0.000
2832.8953  0.000
2834.9766  0.000
2837.0580  0.000
2839.1393  0.000
2841.2207  0.000
2843.3021  0.000
2845.3834  0.000
2847.4648  0.000
2849.5462  0.000
2851.6275  0.000
2853.7089  0.000
2855.7902  0.000
2857.8716  0.000
2859.9530  0.000
2862.0343  0.000
2864.1157  0.000
2866.1971  0.000
2868.2784  0.000
2870.3598  0.000
2872.4411  0.000
2874.5225  0.000
2876.6039  0.000
2878.6852  0.000
2880.7666  0.000
2882.8479  0.000
2884.9293  0.000
2887.0107  0.000
2889.0920  0.000
2891.1734  0.000
2893.2548  0.000
2895.3361  0.000
2897.4175  0.000
2899.4988  0.000
2901.5802  0.000
2903.6616  0.000
2905.7429  0.000
2907.8243  0.000
2909.9057  0.000
2911.9870  0.000
2914.0684  0.000
2916.1497  0.000
2918.2311  0.000
2920.3125  0.000
2922.3938  0.000
2924.4752  0.000
2926.5566  0.000
2928.6379  0.000
2930.7193  0.000
2932.8006  0.000
2934.8820  0.000
2936.9634  0.000
2939.0447  0.000
2941.1261  0.000
2943.2075  0.000
2945.2888  0.000
2947.3702  0.000
2949.4515  0.000
2951.5329  0.000
2953.6143  0.000
2955.6956  0.000
2957.7770  1.590
2959.8584  9.425
2961.9397 13.151
2964.0211 13.179
2966.1024 13.194
2968.1838 13.210
2970.2652 13.230
2972.3465 13.267
2974.4279 13.309
2976.5092 13.324
2978.5906 13.307
2980.6720 13.277
2982.7533 13.262
2984.8347 13.267
2986.9161 13.284
2988.9974 13.305
2991.0788 13.320
2993.1601 13.323
2995.2415 13.314
2997.3229 13.301
2999.4042 13.289
3001.4856 13.281
3003.5670 13.276
3005.6483 13.274
3007.7297 13.277
3009.8110 13.291
3011.8924 13.316
3013.9738 13.344
3016.0551 13.359
3018.1365 13.350
3020.2179 13.323
3022.2992 13.298
3024.3806 13.289
3026.4619 13.293
3028.5433 13.300
3030.6247 13.312
3032.7060 13.338
3034.7874 13.365
3036.8688 13.372
3038.9501 13.365
3041.0315 13.362
3043.1128 13.354
3045.1942 13.331
3047.2756 13.310
3049.3569 13.306
3051.4383 13.312
3053.5196 13.311
3055.6010 13.308
3057.6824 13.317
3059.7637 13.333
3061.8451 13.339
3063.9265 13.329
3066.0078 13.316
3068.0892 13.313
3070.1705 13.318
3072.2519 13.325
3074.3333 13.331
3076.4146 13.335
3078.4960 13.340
3080.5774 13.348
3082.6587 13.355
3084.7401 13.355
3086.8214 13.360
3088.9028 13.380
3090.9842 13.401
3093.0655 13.396
3095.1469 13.366
3097.2283 13.339
3099.3096 13.321
3101.3910 13.291
3103.4723 13.257
3105.5537 13.247
3107.6351 13.258
3109.7164 13.259
3111.7978 13.257
3113.8792 13.273
3115.9605 13.279
3118.0419 13.259
3120.1232 13.243
3122.2046 13.261
3124.2860 13.293
3126.3673 13.302
3128.4487 13.287
3130.5301 13.270
3132.6114 13.263
3134.6928 13.268
3136.7741 13.281
3138.8555 13.291
3140.9369 13.293
3143.0182 13.298
3145.0996 13.307
3147.1809 13.307
3149.2623 13.302
3151.3437 13.298
3153.4250 13.295
3155.5064 13.304
3157.5878 13.328
3159.6691 13.342
3161.7505 13.341
3163.8318 13.334
3165.9132 13.351
3167.9946 13.367
3170.0759 13.361
3172.1573 13.361
3174.2387 13.361
3176.3200 13.370
3178.4014 13.369
3180.4827 13.370
3182.5641 13.382
3184.6455 13.388
3186.7268 13.387
3188.8082 13.384
3190.8896 13.377
3192.9709 13.370
3195.0523 13.372
3197.1336 13.384
3199.2150 13.392
3201.2964 13.391
3203.3777 13.389
3205.4591 13.380
3207.5405 13.366
3209.6218 13.361
3211.7032 13.369
3213.7845 13.382
3215.8659 13.382
3217.9473 13.368
3220.0286 13.372
3222.1100 13.384
3224.1914 13.376
3226.2727 13.375
3228.3541 13.378
3230.4354 13.381
3232.5168 13.401
3234.5982 13.413
3236.6795 13.415
3238.7609 13.422
3240.8422 13.415
3242.9236 13.423
3245.0050 13.428
3247.0863 13.402
3249.1677 13.397
3251.2491 13.398
3253.3304 13.387
3255.4118 13.376
3257.4931 13.371
3259.5745 13.382
3261.6559 13.395
3263.7372 13.398
3265.8186 13.390
3267.9000 13.380
3269.9813 13.377
3272.0627 13.371
3274.1440 13.367
3276.2254 13.376
3278.3068 13.387
3280.3881 13.398
3282.4695 13.392
3284.5509 13.376
3286.6322 13.378
3288.7136 13.382
3290.7949 13.369
3292.8763 13.356
3294.9577 13.355
3297.0390 13.352
3299.1204 13.332
3301.2018 13.330
3303.2831 13.358
3305.3645 13.365
3307.4458 13.347
3309.5272 13.347
3311.6086 13.347
3313.6899 13.347
3315.7713 13.341
3317.8526 13.336
3319.9340 13.327
3322.0154 13.329
3324.0967 13.343
3326.1781 13.353
3328.2595 13.358
3330.3408 13.362
3332.4222 13.374
3334.5035 13.382
3336.5849 13.387
3338.6663 13.383
3340.7476 13.369
3342.8290 13.363
3344.9104 13.361
3346.9917 13.357
3349.0731 13.351
3351.1544 13.344
3353.2358 13.330
3355.3172 13.337
3357.3985 13.359
3359.4799 13.367
3361.5613 13.367
3363.6426 13.368
3365.7240 13.359
3367.8053 13.362
3369.8867 13.368
3371.9681 13.361
3374.0494 13.358
3376.1308 13.377
3378.2122 13.369
3380.2935 13.367
3382.3749 13.368
3384.4562 13.369
3386.5376 13.364
3388.6190 13.358
3390.7003 13.364
3392.7817 13.374
3394.8631 13.386
3396.9444 13.393
3399.0258 13.387
3401.1071 13.367
3403.1885 13.346
3405.2699 13.348
3407.3512 13.359
3409.4326 13.364
3411.5139 13.371
3413.5953 13.372
3415.6767 13.378
3417.7580 13.387
3419.8394 13.384
3421.9208 13.388
3424.0021 13.395
3426.0835 13.401
3428.1648 13.407
3430.2462 13.406
3432.3276 13.409
3434.4089 13.400
3436.4903 13.389
3438.5717 13.412
3440.6530 13.412
3442.7344 13.393
3444.8157 13.399
3446.8971 13.404
3448.9785 13.416
3451.0598 13.405
3453.1412 13.406
3455.2226 13.406
3457.3039 13.404
3459.3853 13.408
3461.4666 13.400
3463.5480 13.401
3465.6294 13.410
3467.7107 13.417
3469.7921 13.424
3471.8735 13.418
3473.9548 13.404
3476.0362 13.399
3478.1175 13.399
3480.1989 13.401
3482.2803 13.396
3484.3616 13.407
3486.4430 13.421
3488.5243 13.431
3490.6057 13.432
3492.6871 13.424
3494.7684 13.428
3496.8498 13.434
3498.9312 13.435
3501.0125 13.420
3503.0939 13.433
3505.1752 13.419
3507.2566 13.410
3509.3380 13.403
3511.4193 13.406
3513.5007 13.423
3515.5821 13.420
3517.6634 13.422
3519.7448 13.447
3521.8261 13.458
3523.9075 13.457
3525.9889 13.451
3528.0702 13.442
3530.1516 13.439
3532.2330 13.444
3534.3143 13.444
3536.3957 13.440
3538.4770 13.436
3540.5584 13.437
3542.6398 13.440
3544.7211 13.441
3546.8025 13.445
3548.8839 13.445
3550.9652 13.449
3553.0466 13.446
3555.1279 13.459
3557.2093 13.456
3559.2907 13.454
3561.3720 13.455
3563.4534 13.453
3565.5348 13.464
3567.6161 13.460
3569.6975 13.448
3571.7788 13.456
3573.8602 13.463
3575.9416 13.458
3578.0229 13.463
3580.1043 13.461
3582.1856 13.471
3584.2670 13.467
3586.3484 13.467
3588.4297 13.466
3590.5111 13.460
3592.5925 13.455
3594.6738 13.449
3596.7552 13.454
3598.8365 13.465
3600.9179 13.470
3602.9993 13.474
3605.0806 13.476
3607.1620 13.473
3609.2434 13.464
3611.3247 13.452
3613.4061 13.451
3615.4874 13.464
3617.5688 13.474
3619.6502 13.486
3621.7315 13.483
3623.8129 13.490
3625.8943 13.505
3627.9756 13.494
3630.0570 13.488
3632.1383 13.490
3634.2197 13.480
3636.3011 13.478
3638.3824 13.491
3640.4638 13.500
3642.5452 13.513
3644.6265 13.498
3646.7079 13.497
3648.7892 13.494
3650.8706 13.491
3652.9520 13.499
3655.0333 13.504
3657.1147 13.503
3659.1960 13.505
3661.2774 13.494
3663.3588 13.478
3665.4401 13.482
3667.5215 13.482
3669.6029 13.469
3671.6842 13.462
3673.7656 13.460
3675.8469 13.460
3677.9283 13.466
3680.0097 13.475
3682.0910 13.480
3684.1724 13.493
3686.2538 13.496
3688.3351 13.485
3690.4165 13.485
3692.4978 13.481
3694.5792 13.484
3696.6606 13.489
3698.7419 13.496
3700.8233 13.494
3702.9047 13.488
3704.9860 13.483
3707.0674 13.490
3709.1487 13.491
3711.2301 13.496
3713.3115 13.497
3715.3928 13.502
3717.4742 13.506
3719.5556 13.505
3721.6369 13.500
3723.7183 13.504
3725.7996 13.511
3727.8810 13.509
3729.9624 13.509
3732.0437 13.512
3734.1251 13.518
3736.2065 13.531
3738.2878 13.534
3740.3692 13.527
3742.4505 13.526
3744.5319 13.526
3746.6133 13.520
3748.6946 13.525
3750.7760 13.542
3752.8573 13.557
3754.9387 13.560
3757.0201 13.563
3759.1014 13.563
3761.1828 13.561
3763.2642 13.559
3765.3455 13.555
3767.4269 13.558
3769.5082 13.556
3771.5896 13.562
3773.6710 13.563
3775.7523 13.559
3777.8337 13.558
3779.9151 13.563
3781.9964 13.572
3784.0778 13.575
3786.1591 13.581
3788.2405 13.580
3790.3219 13.577
3792.4032 13.569
3794.4846 13.564
3796.5660 13.564
3798.6473 13.568
3800.7287 13.572
3802.8100 13.576
3804.8914 13.578
3806.9728 13.575
3809.0541 13.581
3811.1355 13.587
3813.2169 13.586
3815.2982 13.582
3817.3796 13.575
3819.4609 13.573
3821.5423 13.576
3823.6237 13.588
3825.7050 13.606
3827.7864 13.610
3829.8678 13.607
3831.9491 13.610
3834.0305 13.620
3836.1118 13.623
3838.1932 13.617
3840.2746 13.604
3842.3559 13.586
3844.4373 13.575
3846.5186 13.566
3848.6000 13.575
3850.6814 13.574
3852.7627 13.565
3854.8441 13.566
3856.9255 13.574
3859.0068 13.577
3861.0882 13.570
3863.1695 13.570
3865.2509 13.577
3867.3323 13.582
3869.4136 13.594
3871.4950 13.608
3873.5764 13.612
3875.6577 13.615
3877.7391 13.621
3879.8204 13.628
3881.9018 13.643
3883.9832 13.663
3886.0645 13.674
3888.1459 13.675
3890.2273 13.672
3892.3086 13.658
3894.3900 13.654
3896.4713 13.641
3898.5527 13.632
3900.6341 13.625
3902.7154 13.608
3904.7968 13.593
3906.8782 13.582
3908.9595 13.577
3911.0409 13.569
3913.1222 13.564
3915.2036 13.561
3917.2850 13.554
3919.3663 13.545
3921.4477 13.538
3923.5290 13.535
3925.6104 13.530
3927.6918 13.523
3929.7731 13.521
3931.8545 13.523
3933.9359 13.534
3936.0172 13.549
3938.0986 13.560
3940.1799 13.570
3942.2613 13.578
3944.3427 13.580
3946.4240 13.587
3948.5054 13.606
3950.5868 13.621
3952.6681 13.636
3954.7495 13.647
3956.8308 13.659
3958.9122 13.686
3960.9936 13.721
3963.0749 13.747
3965.1563 13.765
3967.2377 13.790
3969.3190 13.800
3971.4004 13.800
3973.4817 13.790
3975.5631 13.765
3977.6445 13.740
3979.7258 13.711
3981.8072 13.681
3983.8886 13.658
3985.9699 13.646
3988.0513 13.634
3990.1326 13.623
3992.2140 13.609
3994.2954 13.589
3996.3767 13.565
3998.4581 13.546
4000.5395 13.541
4002.6208 13.546
4004.7022 13.541
4006.7835 13.521
4008.8649 13.503
4010.9463 13.497
4013.0276 13.490
4015.1090 13.492
4017.1903 13.487
4019.2717 13.476
4021.3531 13.468
4023.4344 13.465
4025.5158 13.464
4027.5972 13.464
4029.6785 13.461
4031.7599 13.457
4033.8412 13.465
4035.9226 13.457
4038.0040 13.461
4040.0853 13.465
4042.1667 13.466
4044.2481 13.462
4046.3294 13.467
4048.4108 13.478
4050.4921 13.498
4052.5735 13.507
4054.6549 13.510
4056.7362 13.515
4058.8176 13.517
4060.8990 13.523
4062.9803 13.537
4065.0617 13.554
4067.1430 13.570
4069.2244 13.587
4071.3058 13.598
4073.3871 13.608
4075.4685 13.625
4077.5499 13.642
4079.6312 13.661
4081.7126 13.680
4083.7939 13.701
4085.8753 13.731
4087.9567 13.764
4090.0380 13.790
4092.1194 13.822
4094.2007 13.855
4096.2821 13.896
4098.3635 13.929
4100.4448 13.967
4102.5262 13.965
4104.6076 13.939
4106.6889 13.919
4108.7703 13.893
4110.8516 13.870
4112.9330 13.836
4115.0144 13.801
4117.0957 13.767
4119.1771 13.739
4121.2585 13.708
4123.3398 13.686
4125.4212 13.669
4127.5025 13.652
4129.5839 13.636
4131.6653 13.625
4133.7466 13.610
4135.8280 13.595
4137.9094 13.581
4139.9907 13.569
4142.0721 13.559
4144.1534 13.546
4146.2348 13.536
4148.3162 13.524
4150.3975 13.512
4152.4789 13.499
4154.5603 13.489
4156.6416 13.496
4158.7230 13.501
4160.8043 13.494
4162.8857 13.483
4164.9671 13.489
4167.0484 13.486
4169.1298 13.475
4171.2112 13.484
4173.2925 13.483
4175.3739 13.468
4177.4552 13.466
4179.5366 13.475
4181.6180 13.473
4183.6993 13.462
4185.7807 13.453
4187.8620 13.460
4189.9434 13.471
4192.0248 13.469
4194.1061 13.461
4196.1875 13.451
4198.2689 13.450
4200.3502 13.454
4202.4316 13.453
4204.5129 13.456
4206.5943 13.460
4208.6757 13.458
4210.7570 13.457
4212.8384 13.457
4214.9198 13.470
4217.0011 13.475
4219.0825 13.470
4221.1638 13.462
4223.2452 13.466
4225.3266 13.464
4227.4079 13.469
4229.4893 13.465
4231.5707 13.464
4233.6520 13.462
4235.7334 13.470
4237.8147 13.478
4239.8961 13.477
4241.9775 13.501
4244.0588 13.495
4246.1402 13.500
4248.2216 13.511
4250.3029 13.517
4252.3843 13.508
4254.4656 13.499
4256.5470 13.502
4258.6284 13.508
4260.7097 13.503
4262.7911 13.502
4264.8725 13.508
4266.9538 13.512
4269.0352 13.517
4271.1165 13.525
4273.1979 13.532
4275.2793 13.536
4277.3606 13.542
4279.4420 13.552
4281.5233 13.562
4283.6047 13.569
4285.6861 13.572
4287.7674 13.565
4289.8488 13.578
4291.9302 13.582
4294.0115 13.595
4296.0929 13.612
4298.1742 13.629
4300.2556 13.643
4302.3370 13.646
4304.4183 13.662
4306.4997 13.673
4308.5811 13.691
4310.6624 13.715
4312.7438 13.737
4314.8251 13.751
4316.9065 13.766
4318.9879 13.782
4321.0692 13.806
4323.1506 13.834
4325.2320 13.856
4327.3133 13.897
4329.3947 13.945
4331.4760 13.991
4333.5574 14.042
4335.6388 14.095
4337.7201 14.138
4339.8015 14.161
4341.8829 14.161
4343.9642 14.134
4346.0456 14.081
4348.1269 14.031
4350.2083 13.972
4352.2897 13.928
4354.3710 13.897
4356.4524 13.870
4358.5337 13.851
4360.6151 13.828
4362.6965 13.799
4364.7778 13.774
4366.8592 13.752
4368.9406 13.739
4371.0219 13.729
4373.1033 13.712
4375.1846 13.694
4377.2660 13.691
4379.3474 13.678
4381.4287 13.660
4383.5101 13.649
4385.5915 13.638
4387.6728 13.626
4389.7542 13.615
4391.8355 13.612
4393.9169 13.617
4395.9983 13.624
4398.0796 13.631
4400.1610 13.625
4402.2424 13.605
4404.3237 13.591
4406.4051 13.586
4408.4864 13.583
4410.5678 13.586
4412.6492 13.584
4414.7305 13.577
4416.8119 13.559
4418.8933 13.553
4420.9746 13.561
4423.0560 13.560
4425.1373 13.561
4427.2187 13.566
4429.3001 13.562
4431.3814 13.560
4433.4628 13.551
4435.5442 13.550
4437.6255 13.549
4439.7069 13.549
4441.7882 13.552
4443.8696 13.544
4445.9510 13.540
4448.0323 13.548
4450.1137 13.566
4452.1950 13.574
4454.2764 13.573
4456.3578 13.577
4458.4391 13.573
4460.5205 13.567
4462.6019 13.564
4464.6832 13.562
4466.7646 13.557
4468.8459 13.546
4470.9273 13.535
4473.0087 13.536
4475.0900 13.543
4477.1714 13.546
4479.2528 13.546
4481.3341 13.548
4483.4155 13.549
4485.4968 13.540
4487.5782 13.529
4489.6596 13.534
4491.7409 13.536
4493.8223 13.534
4495.9037 13.535
4497.9850 13.534
4500.0664 13.540
4502.1477 13.531
4504.2291 13.540
4506.3105 13.546
4508.3918 13.545
4510.4732 13.550
4512.5546 13.552
4514.6359 13.551
4516.7173 13.543
4518.7986 13.537
4520.8800 13.533
4522.9614 13.537
4525.0427 13.547
4527.1241 13.555
4529.2054 13.556
4531.2868 13.553
4533.3682 13.549
4535.4495 13.548
4537.5309 13.555
4539.6123 13.564
4541.6936 13.564
4543.7750 13.556
4545.8563 13.554
4547.9377 13.558
4550.0191 13.560
4552.1004 13.561
4554.1818 13.560
4556.2632 13.556
4558.3445 13.563
4560.4259 13.563
4562.5072 13.560
4564.5886 13.554
4566.6700 13.556
4568.7513 13.565
4570.8327 13.559
4572.9141 13.563
4574.9954 13.566
4577.0768 13.569
4579.1581 13.568
4581.2395 13.564
4583.3209 13.561
4585.4022 13.561
4587.4836 13.562
4589.5650 13.558
4591.6463 13.564
4593.7277 13.571
4595.8090 13.568
4597.8904 13.567
4599.9718 13.574
4602.0531 13.581
4604.1345 13.583
4606.2159 13.583
4608.2972 13.586
4610.3786 13.583
4612.4599 13.572
4614.5413 13.566
4616.6227 13.568
4618.7040 13.573
4620.7854 13.581
4622.8667 13.591
4624.9481 13.586
4627.0295 13.586
4629.1108 13.577
4631.1922 13.569
4633.2736 13.573
4635.3549 13.572
4637.4363 13.579
4639.5176 13.589
4641.5990 13.582
4643.6804 13.575
4645.7617 13.588
4647.8431 13.601
4649.9245 13.596
4652.0058 13.588
4654.0872 13.598
4656.1685 13.597
4658.2499 13.595
4660.3313 13.591
4662.4126 13.585
4664.4940 13.582
4666.5754 13.589
4668.6567 13.596
4670.7381 13.598
4672.8194 13.603
4674.9008 13.611
4676.9822 13.607
4679.0635 13.600
4681.1449 13.604
4683.2263 13.614
4685.3076 13.605
4687.3890 13.593
4689.4703 13.593
4691.5517 13.593
4693.6331 13.589
4695.7144 13.590
4697.7958 13.588
4699.8771 13.597
4701.9585 13.602
4704.0399 13.609
4706.1212 13.605
4708.2026 13.602
4710.2840 13.610
4712.3653 13.619
4714.4467 13.627
4716.5280 13.623
4718.6094 13.621
4720.6908 13.626
4722.7721 13.618
4724.8535 13.616
4726.9349 13.623
4729.0162 13.629
4731.0976 13.638
4733.1789 13.650
4735.2603 13.655
4737.3417 13.658
4739.4230 13.669
4741.5044 13.674
4743.5858 13.673
4745.6671 13.673
4747.7485 13.667
4749.8298 13.665
4751.9112 13.670
4753.9926 13.669
4756.0739 13.667
4758.1553 13.659
4760.2367 13.664
4762.3180 13.670
4764.3994 13.673
4766.4807 13.666
4768.5621 13.680
4770.6435 13.696
4772.7248 13.689
4774.8062 13.701
4776.8876 13.711
4778.9689 13.700
4781.0503 13.691
4783.1316 13.690
4785.2130 13.700
4787.2944 13.711
4789.3757 13.718
4791.4571 13.720
4793.5384 13.728
4795.6198 13.739
4797.7012 13.742
4799.7825 13.743
4801.8639 13.758
4803.9453 13.780
4806.0266 13.792
4808.1080 13.796
4810.1893 13.799
4812.2707 13.792
4814.3521 13.787
4816.4334 13.794
4818.5148 13.797
4820.5962 13.824
4822.6775 13.846
4824.7589 13.869
4826.8402 13.898
4828.9216 13.905
4831.0030 13.916
4833.0843 13.933
4835.1657 13.955
4837.2471 13.970
4839.3284 13.986
4841.4098 14.020
4843.4911 14.047
4845.5725 14.070
4847.6539 14.095
4849.7352 14.126
4851.8166 14.160
4853.8980 14.206
4855.9793 14.250
4858.0607 14.292
4860.1420 14.335
4862.2234 14.348
4864.3048 14.329
4866.3861 14.301
4868.4675 14.261
4870.5489 14.204
4872.6302 14.166
4874.7116 14.154
4876.7929 14.123
4878.8743 14.091
4880.9557 14.058
4883.0370 14.040
4885.1184 14.025
4887.1997 14.006
4889.2811 14.004
4891.3625 13.985
4893.4438 13.970
4895.5252 13.959
4897.6066 13.945
4899.6879 13.942
4901.7693 13.922
4903.8506 13.919
4905.9320 13.917
4908.0134 13.915
4910.0947 13.914
4912.1761 13.908
4914.2575 13.897
4916.3388 13.881
4918.4202 13.866
4920.5015 13.852
4922.5829 13.840
4924.6643 13.835
4926.7456 13.842
4928.8270 13.851
4930.9084 13.857
4932.9897 13.853
4935.0711 13.845
4937.1524 13.844
4939.2338 13.849
4941.3152 13.858
4943.3965 13.855
4945.4779 13.845
4947.5593 13.837
4949.6406 13.832
4951.7220 13.831
4953.8033 13.827
4955.8847 13.821
4957.9661 13.824
4960.0474 13.821
4962.1288 13.809
4964.2101 13.814
4966.2915 13.825
4968.3729 13.821
4970.4542 13.822
4972.5356 13.829
4974.6170 13.834
4976.6983 13.838
4978.7797 13.837
4980.8610 13.842
4982.9424 13.852
4985.0238 13.846
4987.1051 13.836
4989.1865 13.832
4991.2679 13.834
4993.3492 13.837
4995.4306 13.827
4997.5119 13.815
4999.5933 13.811
5001.6747 13.813
5003.7560 13.820
5005.8374 13.826
5007.9188 13.829
5010.0001 13.829
5012.0815 13.823
5014.1628 13.812
5016.2442 13.808
5018.3256 13.808
5020.4069 13.805
5022.4883 13.805
5024.5697 13.811
5026.6510 13.809
5028.7324 13.806
5030.8137 13.810
5032.8951 13.815
5034.9765 13.820
5037.0578 13.821
5039.1392 13.816
5041.2206 13.798
5043.3019 13.794
5045.3833 13.801
5047.4646 13.800
5049.5460 13.796
5051.6274 13.794
5053.7087 13.798
5055.7901 13.806
5057.8714 13.813
5059.9528 13.816
5062.0342 13.811
5064.1155 13.810
5066.1969 13.813
5068.2783 13.821
5070.3596 13.827
5072.4410 13.827
5074.5223 13.824
5076.6037 13.821
5078.6851 13.817
5080.7664 13.817
5082.8478 13.826
5084.9292 13.836
5087.0105 13.845
5089.0919 13.856
5091.1732 13.864
5093.2546 13.844
5095.3360 13.835
5097.4173 13.836
5099.4987 13.815
5101.5801 13.795
5103.6614 13.792
5105.7428 13.790
5107.8241 13.790
5109.9055 13.792
5111.9869 13.798
5114.0682 13.811
5116.1496 13.816
5118.2310 13.818
5120.3123 13.828
5122.3937 13.837
5124.4750 13.839
5126.5564 13.835
5128.6378 13.830
5130.7191 13.831
5132.8005 13.834
5134.8818 13.834
5136.9632 13.826
5139.0446 13.810
5141.1259 13.798
5143.2073 13.793
5145.2887 13.798
5147.3700 13.805
5149.4514 13.812
5151.5327 13.826
5153.6141 13.841
5155.6955 13.844
5157.7768 13.849
5159.8582 13.856
5161.9396 13.860
5164.0209 13.861
5166.1023 13.852
5168.1836 13.849
5170.2650 13.850
5172.3464 13.838
5174.4277 13.831
5176.5091 13.835
5178.5905 13.852
5180.6718 13.870
5182.7532 13.871
5184.8345 13.868
5186.9159 13.866
5188.9973 13.850
5191.0786 13.833
5193.1600 13.835
5195.2414 13.845
5197.3227 13.852
5199.4041 13.854
5201.4854 13.853
5203.5668 13.851
5205.6482 13.849
5207.7295 13.848
5209.8109 13.854
5211.8923 13.864
5213.9736 13.860
5216.0550 13.855
5218.1363 13.865
5220.2177 13.872
5222.2991 13.877
5224.3804 13.881
5226.4618 13.885
5228.5431 13.882
5230.6245 13.884
5232.7059 13.888
5234.7872 13.885
5236.8686 13.884
5238.9500 13.887
5241.0313 13.886
5243.1127 13.884
5245.1940 13.882
5247.2754 13.879
5249.3568 13.877
5251.4381 13.879
5253.5195 13.880
5255.6009 13.878
5257.6822 13.886
5259.7636 13.904
5261.8449 13.916
5263.9263 13.917
5266.0077 13.912
5268.0890 13.905
5270.1704 13.899
5272.2518 13.894
5274.3331 13.891
5276.4145 13.889
5278.4958 13.892
5280.5772 13.901
5282.6586 13.906
5284.7399 13.903
5286.8213 13.888
5288.9027 13.874
5290.9840 13.871
5293.0654 13.874
5295.1467 13.880
5297.2281 13.868
5299.3095 13.868
5301.3908 13.889
5303.4722 13.898
5305.5535 13.902
5307.6349 13.908
5309.7163 13.914
5311.7976 13.918
5313.8790 13.923
5315.9604 13.924
5318.0417 13.919
5320.1231 13.920
5322.2044 13.926
5324.2858 13.923
5326.3672 13.917
5328.4485 13.915
5330.5299 13.914
5332.6113 13.912
5334.6926 13.919
5336.7740 13.929
5338.8553 13.933
5340.9367 13.934
5343.0181 13.934
5345.0994 13.933
5347.1808 13.933
5349.2622 13.940
5351.3435 13.943
5353.4249 13.935
5355.5062 13.940
5357.5876 13.952
5359.6690 13.954
5361.7503 13.963
5363.8317 13.982
5365.9131 13.985
5367.9944 13.983
5370.0758 13.974
5372.1571 13.965
5374.2385 13.955
5376.3199 13.968
5378.4012 13.981
5380.4826 13.983
5382.5640 13.980
5384.6453 13.974
5386.7267 13.961
5388.8080 13.954
5390.8894 13.959
5392.9708 13.962
5395.0521 13.960
5397.1335 13.958
5399.2148 13.960
5401.2962 13.965
5403.3776 13.970
5405.4589 13.974
5407.5403 13.973
5409.6217 13.967
5411.7030 13.958
5413.7844 13.959
5415.8657 13.977
5417.9471 13.987
5420.0285 13.991
5422.1098 13.996
5424.1912 14.000
5426.2726 14.005
5428.3539 13.994
5430.4353 13.979
5432.5166 13.968
5434.5980 13.954
5436.6794 13.935
5438.7607 13.926
5440.8421 13.926
5442.9235 13.944
5445.0048 13.962
5447.0862 13.977
5449.1675 13.989
5451.2489 13.997
5453.3303 13.996
5455.4116 13.997
5457.4930 14.001
5459.5744 14.001
5461.6557 14.000
5463.7371 14.001
5465.8184 14.005
5467.8998 14.008
5469.9812 14.006
5472.0625 13.998
5474.1439 13.986
5476.2253 13.981
5478.3066 13.985
5480.3880 13.984
5482.4693 13.984
5484.5507 13.996
5486.6321 14.003
5488.7134 14.002
5490.7948 14.003
5492.8761 14.003
5494.9575 13.990
5497.0389 13.987
5499.1202 13.992
5501.2016 13.984
5503.2830 13.979
5505.3643 13.989
5507.4457 13.997
5509.5270 14.004
5511.6084 14.004
5513.6898 14.006
5515.7711 14.013
5517.8525 14.011
5519.9339 14.004
5522.0152 14.004
5524.0966 14.002
5526.1779 13.997
5528.2593 13.997
5530.3407 14.001
5532.4220 14.001
5534.5034 14.001
5536.5848 14.003
5538.6661 14.001
5540.7475 13.990
5542.8288 13.976
5544.9102 13.967
5546.9916 13.979
5549.0729 13.987
5551.1543 13.991
5553.2357 13.992
5555.3170 13.994
5557.3984 13.999
5559.4797 14.010
5561.5611 14.027
5563.6425 14.027
5565.7238 14.022
5567.8052 14.011
5569.8865 13.997
5571.9679 13.983
5574.0493 13.994
5576.1306 14.005
5578.2120 14.030
5580.2934 14.048
5582.3747 14.049
5584.4561 14.045
5586.5374 14.050
5588.6188 14.059
5590.7002 14.064
5592.7815 14.061
5594.8629 14.038
5596.9443 14.021
5599.0256 14.025
5601.1070 14.042
5603.1883 14.055
5605.2697 14.052
5607.3511 14.047
5609.4324 14.046
5611.5138 14.052
5613.5952 14.057
5615.6765 14.063
5617.7579 14.063
5619.8392 14.061
5621.9206 14.060
5624.0020 14.061
5626.0833 14.058
5628.1647 14.060
5630.2461 14.067
5632.3274 14.058
5634.4088 14.043
5636.4901 14.028
5638.5715 14.037
5640.6529 14.039
5642.7342 14.054
5644.8156 14.074
5646.8970 14.081
5648.9783 14.074
5651.0597 14.080
5653.1410 14.089
5655.2224 14.094
5657.3038 14.090
5659.3851 14.089
5661.4665 14.092
5663.5478 14.088
5665.6292 14.077
5667.7106 14.082
5669.7919 14.090
5671.8733 14.091
5673.9547 14.085
5676.0360 14.082
5678.1174 14.078
5680.1987 14.077
5682.2801 14.082
5684.3615 14.094
5686.4428 14.102
5688.5242 14.107
5690.6056 14.108
5692.6869 14.123
5694.7683 14.133
5696.8496 14.129
5698.9310 14.112
5701.0124 14.100
5703.0937 14.098
5705.1751 14.102
5707.2565 14.105
5709.3378 14.096
5711.4192 14.088
5713.5005 14.091
5715.5819 14.101
5717.6633 14.115
5719.7446 14.124
5721.8260 14.128
5723.9074 14.129
5725.9887 14.123
5728.0701 14.116
5730.1514 14.117
5732.2328 14.121
5734.3142 14.120
5736.3955 14.111
5738.4769 14.100
5740.5582 14.097
5742.6396 14.104
5744.7210 14.116
5746.8023 14.116
5748.8837 14.109
5750.9651 14.098
5753.0464 14.092
5755.1278 14.098
5757.2091 14.105
5759.2905 14.104
5761.3719 14.111
5763.4532 14.128
5765.5346 14.146
5767.6160 14.154
5769.6973 14.136
5771.7787 14.113
5773.8600 14.107
5775.9414 14.107
5778.0228 14.119
5780.1041 14.134
5782.1855 14.142
5784.2669 14.144
5786.3482 14.134
5788.4296 14.123
5790.5109 14.116
5792.5923 14.123
5794.6737 14.132
5796.7550 14.131
5798.8364 14.121
5800.9178 14.112
5802.9991 14.107
5805.0805 14.103
5807.1618 14.114
5809.2432 14.131
5811.3246 14.139
5813.4059 14.131
5815.4873 14.121
5817.5687 14.109
5819.6500 14.113
5821.7314 14.122
5823.8127 14.129
5825.8941 14.134
5827.9755 14.130
5830.0568 14.117
5832.1382 14.101
5834.2195 14.101
5836.3009 14.113
5838.3823 14.125
5840.4636 14.119
5842.5450 14.095
5844.6264 14.079
5846.7077 14.076
5848.7891 14.080
5850.8704 14.083
5852.9518 14.086
5855.0332 14.087
5857.1145 14.091
5859.1959 14.098
5861.2773 14.101
5863.3586 14.099
5865.4400 14.101
5867.5213 14.112
5869.6027 14.128
5871.6841 14.135
5873.7654 14.133
5875.8468 14.129
5877.9282 14.128
5880.0095 14.121
5882.0909 14.111
5884.1722 14.099
5886.2536 14.081
5888.3350 14.073
5890.4163 14.072
5892.4977 14.082
5894.5791 14.095
5896.6604 14.103
5898.7418 14.115
5900.8231 14.129
5902.9045 14.149
5904.9859 14.169
5907.0672 14.147
5909.1486 14.131
5911.2300 14.115
5913.3113 14.105
5915.3927 14.098
5917.4740 14.098
5919.5554 14.104
5921.6368 14.115
5923.7181 14.130
5925.7995 14.143
5927.8808 14.151
5929.9622 14.153
5932.0436 14.153
5934.1249 14.152
5936.2063 14.149
5938.2877 14.147
5940.3690 14.147
5942.4504 14.154
5944.5317 14.158
5946.6131 14.156
5948.6945 14.143
5950.7758 14.144
5952.8572 14.160
5954.9386 14.177
5957.0199 14.181
5959.1013 14.169
5961.1826 14.154
5963.2640 14.140
5965.3454 14.143
5967.4267 14.159
5969.5081 14.172
5971.5895 14.169
5973.6708 14.150
5975.7522 14.144
5977.8335 14.145
5979.9149 14.149
5981.9963 14.147
5984.0776 14.143
5986.1590 14.139
5988.2404 14.134
5990.3217 14.126
5992.4031 14.132
5994.4844 14.148
5996.5658 14.161
5998.6472 14.167
6000.7285 14.169
6002.8099 14.171
6004.8912 14.173
6006.9726 14.171
6009.0540 14.177
6011.1353 14.179
6013.2167 14.178
6015.2981 14.177
6017.3794 14.171
6019.4608 14.159
6021.5421 14.153
6023.6235 14.154
6025.7049 14.164
6027.7862 14.167
6029.8676 14.168
6031.9490 14.171
6034.0303 14.174
6036.1117 14.180
6038.1930 14.193
6040.2744 14.210
6042.3558 14.221
6044.4371 14.219
6046.5185 14.207
6048.5999 14.188
6050.6812 14.174
6052.7626 14.163
6054.8439 14.165
6056.9253 14.174
6059.0067 14.189
6061.0880 14.199
6063.1694 14.200
6065.2508 14.199
6067.3321 14.201
6069.4135 14.201
6071.4948 14.200
6073.5762 14.198
6075.6576 14.198
6077.7389 14.204
6079.8203 14.211
6081.9017 14.223
6083.9830 14.239
6086.0644 14.243
6088.1457 14.244
6090.2271 14.231
6092.3085 14.221
6094.3898 14.212
6096.4712 14.228
6098.5525 14.250
6100.6339 14.240
6102.7153 14.221
6104.7966 14.212
6106.8780 14.207
6108.9594 14.207
6111.0407 14.208
6113.1221 14.206
6115.2034 14.208
6117.2848 14.208
6119.3662 14.213
6121.4475 14.217
6123.5289 14.220
6125.6103 14.219
6127.6916 14.212
6129.7730 14.200
6131.8543 14.189
6133.9357 14.183
6136.0171 14.189
6138.0984 14.200
6140.1798 14.212
6142.2612 14.230
6144.3425 14.239
6146.4239 14.240
6148.5052 14.241
6150.5866 14.239
6152.6680 14.234
6154.7493 14.230
6156.8307 14.229
6158.9121 14.242
6160.9934 14.267
6163.0748 14.274
6165.1561 14.271
6167.2375 14.260
6169.3189 14.253
6171.4002 14.247
6173.4816 14.245
6175.5629 14.245
6177.6443 14.246
6179.7257 14.243
6181.8070 14.240
6183.8884 14.234
6185.9698 14.228
6188.0511 14.227
6190.1325 14.231
6192.2138 14.241
6194.2952 14.257
6196.3766 14.265
6198.4579 14.267
6200.5393 14.275
6202.6207 14.288
6204.7020 14.278
6206.7834 14.267
6208.8647 14.270
6210.9461 14.271
6213.0275 14.267
6215.1088 14.250
6217.1902 14.237
6219.2716 14.232
6221.3529 14.235
6223.4343 14.243
6225.5156 14.254
6227.5970 14.262
6229.6784 14.263
6231.7597 14.256
6233.8411 14.245
6235.9225 14.253
6238.0038 14.254
6240.0852 14.247
6242.1665 14.262
6244.2479 14.276
6246.3293 14.284
6248.4106 14.297
6250.4920 14.311
6252.5734 14.312
6254.6547 14.304
6256.7361 14.306
6258.8174 14.316
6260.8988 14.325
6262.9802 14.322
6265.0615 14.316
6267.1429 14.305
6269.2242 14.298
6271.3056 14.299
6273.3870 14.319
6275.4683 14.343
6277.5497 14.359
6279.6311 14.370
6281.7124 14.369
6283.7938 14.349
6285.8751 14.321
6287.9565 14.300
6290.0379 14.286
6292.1192 14.293
6294.2006 14.279
6296.2820 14.265
6298.3633 14.269
6300.4447 14.272
6302.5260 14.270
6304.6074 14.254
6306.6888 14.242
6308.7701 14.257
6310.8515 14.278
6312.9329 14.304
6315.0142 14.320
6317.0956 14.316
6319.1769 14.304
6321.2583 14.288
6323.3397 14.279
6325.4210 14.280
6327.5024 14.290
6329.5838 14.305
6331.6651 14.313
6333.7465 14.309
6335.8278 14.302
6337.9092 14.304
6339.9906 14.317
6342.0719 14.317
6344.1533 14.312
6346.2346 14.304
6348.3160 14.304
6350.3974 14.314
6352.4787 14.324
6354.5601 14.337
6356.6415 14.334
6358.7228 14.324
6360.8042 14.315
6362.8855 14.318
6364.9669 14.332
6367.0483 14.361
6369.1296 14.384
6371.2110 14.392
6373.2924 14.390
6375.3737 14.380
6377.4551 14.373
6379.5364 14.361
6381.6178 14.344
6383.6992 14.342
6385.7805 14.342
6387.8619 14.342
6389.9433 14.335
6392.0246 14.324
6394.1060 14.317
6396.1873 14.319
6398.2687 14.318
6400.3501 14.340
6402.4314 14.377
6404.5128 14.393
6406.5942 14.385
6408.6755 14.368
6410.7569 14.360
6412.8382 14.356
6414.9196 14.345
6417.0010 14.326
6419.0823 14.321
6421.1637 14.321
6423.2451 14.321
6425.3264 14.320
6427.4078 14.319
6429.4891 14.335
6431.5705 14.355
6433.6519 14.371
6435.7332 14.362
6437.8146 14.351
6439.8959 14.352
6441.9773 14.352
6444.0587 14.352
6446.1400 14.356
6448.2214 14.362
6450.3028 14.365
6452.3841 14.368
6454.4655 14.369
6456.5468 14.364
6458.6282 14.357
6460.7096 14.357
6462.7909 14.359
6464.8723 14.368
6466.9537 14.378
6469.0350 14.383
6471.1164 14.386
6473.1977 14.395
6475.2791 14.414
6477.3605 14.426
6479.4418 14.423
6481.5232 14.410
6483.6046 14.406
6485.6859 14.429
6487.7673 14.438
6489.8486 14.432
6491.9300 14.401
6494.0114 14.390
6496.0927 14.415
6498.1741 14.431
6500.2555 14.437
6502.3368 14.436
6504.4182 14.435
6506.4995 14.432
6508.5809 14.434
6510.6623 14.442
6512.7436 14.449
6514.8250 14.450
6516.9064 14.446
6518.9877 14.450
6521.0691 14.467
6523.1504 14.487
6525.2318 14.499
6527.3132 14.494
6529.3945 14.494
6531.4759 14.504
6533.5572 14.519
6535.6386 14.537
6537.7200 14.558
6539.8013 14.572
6541.8827 14.582
6543.9641 14.588
6546.0454 14.594
6548.1268 14.612
6550.2081 14.643
6552.2895 14.686
6554.3709 14.712
6556.4522 14.722
6558.5336 14.725
6560.6150 14.739
6562.6963 14.763
6564.7777 14.782
6566.8590 14.786
6568.9404 14.772
6571.0218 14.734
6573.1031 14.688
6575.1845 14.644
6577.2659 14.625
6579.3472 14.629
6581.4286 14.615
6583.5099 14.590
6585.5913 14.564
6587.6727 14.541
6589.7540 14.540
6591.8354 14.557
6593.9168 14.581
6595.9981 14.590
6598.0795 14.578
6600.1608 14.561
6602.2422 14.536
6604.3236 14.514
6606.4049 14.500
6608.4863 14.483
6610.5676 14.464
6612.6490 14.465
6614.7304 14.458
6616.8117 14.428
6618.8931 14.409
6620.9745 14.413
6623.0558 14.432
6625.1372 14.454
6627.2185 14.465
6629.2999 14.470
6631.3813 14.471
6633.4626 14.457
6635.5440 14.448
6637.6254 14.459
6639.7067 14.457
6641.7881 14.434
6643.8694 14.414
6645.9508 14.397
6648.0322 14.394
6650.1135 14.400
6652.1949 14.403
6654.2763 14.399
6656.3576 14.381
6658.4390 14.375
6660.5203 14.389
6662.6017 14.416
6664.6831 14.430
6666.7644 14.424
6668.8458 14.415
6670.9272 14.403
6673.0085 14.393
6675.0899 14.384
6677.1712 14.378
6679.2526 14.374
6681.3340 14.384
6683.4153 14.403
6685.4967 14.412
6687.5781 14.409
6689.6594 14.375
6691.7408 14.371
6693.8221 14.387
6695.9035 14.404
6697.9849 14.412
6700.0662 14.405
6702.1476 14.395
6704.2289 14.382
6706.3103 14.378
6708.3917 14.387
6710.4730 14.392
6712.5544 14.392
6714.6358 14.387
6716.7171 14.386
6718.7985 14.387
6720.8798 14.385
6722.9612 14.390
6725.0426 14.401
6727.1239 14.405
6729.2053 14.398
6731.2867 14.386
6733.3680 14.387
6735.4494 14.402
6737.5307 14.406
6739.6121 14.396
6741.6935 14.373
6743.7748 14.362
6745.8562 14.372
6747.9376 14.387
6750.0189 14.408
6752.1003 14.424
6754.1816 14.437
6756.2630 14.444
6758.3444 14.425
6760.4257 14.403
6762.5071 14.413
6764.5885 14.412
6766.6698 14.402
6768.7512 14.408
6770.8325 14.413
6772.9139 14.418
6774.9953 14.417
6777.0766 14.421
6779.1580 14.417
6781.2393 14.401
6783.3207 14.375
6785.4021 14.365
6787.4834 14.365
6789.5648 14.365
6791.6462 14.369
6793.7275 14.381
6795.8089 14.396
6797.8902 14.406
6799.9716 14.392
6802.0530 14.393
6804.1343 14.428
6806.2157 14.448
6808.2971 14.447
6810.3784 14.451
6812.4598 14.460
6814.5411 14.473
6816.6225 14.479
6818.7039 14.468
6820.7852 14.429
6822.8666 14.405
6824.9480 14.419
6827.0293 14.436
6829.1107 14.431
6831.1920 14.461
6833.2734 14.461
6835.3548 14.435
6837.4361 14.421
6839.5175 14.419
6841.5989 14.428
6843.6802 14.441
6845.7616 14.450
6847.8429 14.431
6849.9243 14.405
6852.0057 14.395
6854.0870 14.401
6856.1684 14.414
6858.2498 14.437
6860.3311 14.462
6862.4125 14.497
6864.4938 14.540
6866.5752 14.582
6868.6566 14.607
6870.7379 14.614
6872.8193 14.599
6874.9006 14.568
6876.9820 14.529
6879.0634 14.519
6881.1447 14.534
6883.2261 14.542
6885.3075 14.550
6887.3888 14.567
6889.4702 14.575
6891.5515 14.574
6893.6329 14.549
6895.7143 14.523
6897.7956 14.508
6899.8770 14.493
6901.9584 14.480
6904.0397 14.477
6906.1211 14.475
6908.2024 14.466
6910.2838 14.446
6912.3652 14.423
6914.4465 14.420
6916.5279 14.433
6918.6093 14.449
6920.6906 14.439
6922.7720 14.430
6924.8533 14.433
6926.9347 14.440
6929.0161 14.457
6931.0974 14.479
6933.1788 14.488
6935.2602 14.490
6937.3415 14.479
6939.4229 14.477
6941.5042 14.474
6943.5856 14.463
6945.6670 14.447
6947.7483 14.425
6949.8297 14.443
6951.9111 14.478
6953.9924 14.526
6956.0738 14.539
6958.1551 14.530
6960.2365 14.514
6962.3179 14.501
6964.3992 14.494
6966.4806 14.474
6968.5619 14.456
6970.6433 14.440
6972.7247 14.439
6974.8060 14.428
6976.8874 14.412
6978.9688 14.404
6981.0501 14.423
6983.1315 14.433
6985.2128 14.451
6987.2942 14.487
6989.3756 14.492
6991.4569 14.461
6993.5383 14.442
6995.6197 14.433
6997.7010 14.426
6999.7824 14.435
7001.8637 14.452
7003.9451 14.477
7006.0265 14.498
7008.1078 14.493
7010.1892 14.484
7012.2706 14.480
7014.3519 14.477
7016.4333 14.472
7018.5146 14.453
7020.5960 14.428
7022.6774 14.405
7024.7587 14.407
7026.8401 14.422
7028.9215 14.436
7031.0028 14.456
7033.0842 14.480
7035.1655 14.483
7037.2469 14.467
7039.3283 14.435
7041.4096 14.404
7043.4910 14.391
7045.5723 14.406
7047.6537 14.437
7049.7351 14.456
7051.8164 14.463
7053.8978 14.464
7055.9792 14.458
7058.0605 14.453
7060.1419 14.449
7062.2232 14.449
7064.3046 14.451
7066.3860 14.443
7068.4673 14.444
7070.5487 14.461
7072.6301 14.467
7074.7114 14.450
7076.7928 14.452
7078.8741 14.471
7080.9555 14.515
7083.0369 14.540
7085.1182 14.520
7087.1996 14.503
7089.2810 14.492
7091.3623 14.522
7093.4437 14.538
7095.5250 14.512
7097.6064 14.503
7099.6878 14.496
7101.7691 14.507
7103.8505 14.519
7105.9319 14.525
7108.0132 14.490
7110.0946 14.476
7112.1759 14.493
7114.2573 14.504
7116.3387 14.502
7118.4200 14.506
7120.5014 14.502
7122.5828 14.482
7124.6641 14.457
7126.7455 14.454
7128.8268 14.478
7130.9082 14.502
7132.9896 14.501
7135.0709 14.486
7137.1523 14.458
7139.2336 14.436
7141.3150 14.429
7143.3964 14.445
7145.4777 14.460
7147.5591 14.472
7149.6405 14.491
7151.7218 14.505
7153.8032 14.525
7155.8845 14.538
7157.9659 14.538
7160.0473 14.520
7162.1286 14.519
7164.2100 14.523
7166.2914 14.524
7168.3727 14.508
7170.4541 14.519
7172.5354 14.541
7174.6168 14.571
7176.6982 14.596
7178.7795 14.611
7180.8609 14.618
7182.9423 14.622
7185.0236 14.629
7187.1050 14.632
7189.1863 14.636
7191.2677 14.659
7193.3491 14.675
7195.4304 14.679
7197.5118 14.672
7199.5932 14.671
7201.6745 14.694
7203.7559 14.683
7205.8372 14.609
7207.9186 14.550
7210.0000 14.533
7212.0813 14.562
7214.1627 14.584
7216.2440 14.584
7218.3254 14.590
7220.4068 14.605
7222.4881 14.623
7224.5695 14.646
7226.6509 14.667
7228.7322 14.673
7230.8136 14.653
7232.8949 14.641
7234.9763 14.634
7237.0577 14.643
7239.1390 14.627
7241.2204 14.593
7243.3018 14.556
7245.3831 14.515
7247.4645 14.476
7249.5458 14.456
7251.6272 14.464
7253.7086 14.506
7255.7899 14.565
7257.8713 14.601
7259.9527 14.605
7262.0340 14.581
7264.1154 14.576
7266.1967 14.587
7268.2781 14.588
7270.3595 14.560
7272.4408 14.518
7274.5222 14.499
7276.6036 14.500
7278.6849 14.513
7280.7663 14.517
7282.8476 14.502
7284.9290 14.475
7287.0104 14.457
7289.0917 14.472
7291.1731 14.490
7293.2545 14.510
7295.3358 14.537
7297.4172 14.542
7299.4985 14.540
7301.5799 14.533
7303.6613 14.529
7305.7426 14.520
7307.8240 14.501
7309.9053 14.486
7311.9867 14.518
7314.0681 14.584
7316.1494 14.623
7318.2308 14.628
7320.3122 14.609
7322.3935 14.602
7324.4749 14.643
7326.5562 14.694
7328.6376 14.708
7330.7190 14.678
7332.8003 14.633
7334.8817 14.572
7336.9631 14.498
7339.0444 14.447
7341.1258 14.449
7343.2071 14.473
7345.2885 14.502
7347.3699 14.536
7349.4512 14.578
7351.5326 14.602
7353.6140 14.604
7355.6953 14.580
7357.7767 14.600
7359.8580 14.618
7361.9394 14.616
7364.0208 14.601
7366.1021 14.578
7368.1835 14.530
7370.2649 14.502
7372.3462 14.494
7374.4276 14.528
7376.5089 14.561
7378.5903 14.585
7380.6717 14.581
7382.7530 14.586
7384.8344 14.640
7386.9157 14.693
7388.9971 14.699
7391.0785 14.657
7393.1598 14.598
7395.2412 14.580
7397.3226 14.602
7399.4039 14.615
7401.4853 14.620
7403.5666 14.632
7405.6480 14.662
7407.7294 14.668
7409.8107 14.649
7411.8921 14.625
7413.9735 14.603
7416.0548 14.598
7418.1362 14.597
7420.2175 14.565
7422.2989 14.533
7424.3803 14.528
7426.4616 14.539
7428.5430 14.562
7430.6244 14.591
7432.7057 14.623
7434.7871 14.659
7436.8684 14.634
7438.9498 14.590
7441.0312 14.536
7443.1125 14.537
7445.1939 14.563
7447.2753 14.559
7449.3566 14.548
7451.4380 14.561
7453.5193 14.564
7455.6007 14.557
7457.6821 14.552
7459.7634 14.550
7461.8448 14.566
7463.9262 14.600
7466.0075 14.634
7468.0889 14.611
7470.1702 14.567
7472.2516 14.541
7474.3330 14.526
7476.4143 14.533
7478.4957 14.573
7480.5770 14.612
7482.6584 14.616
7484.7398 14.631
7486.8211 14.671
7488.9025 14.722
7490.9839 14.733
7493.0652 14.707
7495.1466 14.670
7497.2279 14.632
7499.3093 14.605
7501.3907 14.610
7503.4720 14.650
7505.5534 14.660
7507.6348 14.643
7509.7161 14.599
7511.7975 14.585
7513.8788 14.622
7515.9602 14.685
7518.0416 14.748
7520.1229 14.753
7522.2043 14.719
7524.2857 14.682
7526.3670 14.704
7528.4484 14.725
7530.5297 14.675
7532.6111 14.602
7534.6925 14.568
7536.7738 14.579
7538.8552 14.594
7540.9366 14.594
7543.0179 14.602
7545.0993 14.625
7547.1806 14.620
7549.2620 14.602
7551.3434 14.634
7553.4247 14.638
7555.5061 14.593
7557.5875 14.568
7559.6688 14.571
7561.7502 14.579
7563.8315 14.588
7565.9129 14.600
7567.9943 14.617
7570.0756 14.635
7572.1570 14.685
7574.2383 14.718
7576.3197 14.715
7578.4011 14.682
7580.4824 14.663
7582.5638 14.669
7584.6452 14.700
7586.7265 14.757
7588.8079 14.836
7590.8892 14.898
7592.9706 14.931
7595.0520 14.969
7597.1333 15.089
7599.2147 15.209
7601.2961 15.304
7603.3774 15.404
7605.4588 15.378
7607.5401 15.295
7609.6215 15.203
7611.7029 15.157
7613.7842 15.142
7615.8656 15.112
7617.9470 15.091
7620.0283 15.066
7622.1097 15.105
7624.1910 15.269
7626.2724 15.370
7628.3538 15.303
7630.4351 15.229
7632.5165 15.196
7634.5979 15.148
7636.6792 15.109
7638.7606 15.072
7640.8419 15.034
7642.9233 14.986
7645.0047 14.909
7647.0860 14.852
7649.1674 14.831
7651.2487 14.848
7653.3301 14.869
7655.4115 14.856
7657.4928 14.841
7659.5742 14.843
7661.6556 14.862
7663.7369 14.881
7665.8183 14.888
7667.8996 14.859
7669.9810 14.774
7672.0624 14.695
7674.1437 14.664
7676.2251 14.684
7678.3065 14.717
7680.3878 14.735
7682.4692 14.727
7684.5505 14.698
7686.6319 14.688
7688.7133 14.688
7690.7946 14.678
7692.8760 14.690
7694.9574 14.699
7697.0387 14.612
7699.1201 14.534
7701.2014 14.462
7703.2828 14.472
7705.3642 14.502
7707.4455 14.588
7709.5269 14.658
7711.6083 14.696
7713.6896 14.693
7715.7710 14.667
7717.8523 14.645
7719.9337 14.651
7722.0151 14.695
7724.0964 14.679
7726.1778 14.625
7728.2592 14.585
7730.3405 14.578
7732.4219 14.577
7734.5032 14.604
7736.5846 14.624
7738.6660 14.606
7740.7473 14.583
7742.8287 14.634
7744.9100 14.634
7746.9914 14.613
7749.0728 14.675
7751.1541 14.711
7753.2355 14.708
7755.3169 14.645
7757.3982 14.593
7759.4796 14.594
7761.5609 14.651
7763.6423 14.747
7765.7237 14.793
7767.8050 14.765
7769.8864 14.698
7771.9678 14.649
7774.0491 14.658
7776.1305 14.606
7778.2118 14.536
7780.2932 14.490
7782.3746 14.527
7784.4559 14.598
7786.5373 14.594
7788.6187 14.540
7790.7000 14.495
7792.7814 14.510
7794.8627 14.598
7796.9441 14.681
7799.0255 14.711
7801.1068 14.686
7803.1882 14.663
7805.2696 14.675
7807.3509 14.654
7809.4323 14.606
7811.5136 14.542
7813.5950 14.527
7815.6764 14.570
7817.7577 14.506
7819.8391 14.416
7821.9204 14.391
7824.0018 14.454
7826.0832 14.605
7828.1645 14.622
7830.2459 14.633
7832.3273 14.757
7834.4086 14.766
7836.4900 14.681
7838.5713 14.613
7840.6527 14.593
7842.7341 14.641
7844.8154 14.644
7846.8968 14.608
7848.9782 14.649
7851.0595 14.714
7853.1409 14.649
7855.2222 14.525
7857.3036 14.433
7859.3850 14.481
7861.4663 14.613
7863.5477 14.704
7865.6291 14.748
7867.7104 14.776
7869.7918 14.875
7871.8731 14.896
7873.9545 14.728
7876.0359 14.511
7878.1172 14.407
7880.1986 14.455
7882.2800 14.546
7884.3613 14.542
7886.4427 14.611
7888.5240 14.722
7890.6054 14.724
7892.6868 14.681
7894.7681 14.718
7896.8495 14.794
7898.9309 14.830
7901.0122 14.815
7903.0936 14.702
7905.1749 14.543
7907.2563 14.555
7909.3377 14.661
7911.4190 14.669
7913.5004 14.677
7915.5817 14.743
7917.6631 14.847
7919.7445 14.955
7921.8258 14.990
7923.9072 14.929
7925.9886 14.795
7928.0699 14.663
7930.1513 14.591
7932.2326 14.618
7934.3140 14.704
7936.3954 14.758
7938.4767 14.701
7940.5581 14.590
7942.6395 14.508
7944.7208 14.437
7946.8022 14.384
7948.8835 14.376
7950.9649 14.412
7953.0463 14.499
7955.1276 14.632
7957.2090 14.705
7959.2904 14.755
7961.3717 14.788
7963.4531 14.772
7965.5344 14.700
7967.6158 14.527
7969.6972 14.431
7971.7785 14.471
7973.8599 14.516
7975.9413 14.594
7978.0226 14.719
7980.1040 14.968
7982.1853 15.132
7984.2667 15.054
7986.3481 14.834
7988.4294 14.658
7990.5108 14.528
7992.5922 14.475
7994.6735 14.554
7996.7549 14.595
7998.8362 14.488
8000.9176 14.413
8002.9990 14.403
8005.0803 14.419
8007.1617 14.526
8009.2430 14.726
8011.3244 14.831
8013.4058 14.752
8015.4871 14.637
8017.5685 14.545
8019.6499 14.483
8021.7312 14.429
8023.8126 14.418
8025.8939 14.476
8027.9753 14.562
8030.0567 14.678
8032.1380 14.813
8034.2194 14.934
8036.3008 15.054
8038.3821 15.061
8040.4635 14.841
8042.5448 14.783
8044.6262 14.870
8046.7076 15.015
8048.7889 14.975
8050.8703 14.832
8052.9517 14.740
8055.0330 14.710
8057.1144 14.622
8059.1957 14.545
8061.2771 14.506
8063.3585 14.573
8065.4398 14.777
8067.5212 14.914
8069.6026 14.934
8071.6839 14.843
8073.7653 14.797
8075.8466 14.853
8077.9280 15.015
8080.0094 15.141
8082.0907 15.087
8084.1721 15.077
8086.2534 15.134
8088.3348 15.465
8090.4162 15.507
8092.4975 15.258
8094.5789 15.143
8096.6603 15.167
8098.7416 15.198
8100.8230 15.031
8102.9043 14.835
8104.9857 14.776
8107.0671 14.774
8109.1484 14.749
8111.2298 14.725
8113.3112 14.714
8115.3925 14.725
8117.4739 14.796
8119.5552 14.857
8121.6366 14.928
8123.7180 14.999
8125.7993 14.976
8127.8807 14.999
8129.9621 14.941
8132.0434 14.844
8134.1248 14.784
8136.2061 14.831
8138.2875 14.984
8140.3689 15.160
8142.4502 15.249
8144.5316 15.186
8146.6130 15.115
8148.6943 15.052
8150.7757 15.063
8152.8570 15.064
8154.9384 15.095
8157.0198 15.165
8159.1011 15.330
8161.1825 15.645
8163.2639 15.958
8165.3452 16.182
8167.4266 15.981
8169.5079 15.610
8171.5893 15.316
8173.6707 15.148
8175.7520 15.118
8177.8334 15.233
8179.9147 15.395
8181.9961 15.576
8184.0775 15.976
8186.1588 16.327
8188.2402 16.057
8190.3216 15.644
8192.4029 11.799
8194.4843 14.754
8196.5656 14.709
8198.6470 14.630
8200.7284 14.496
8202.8097 14.419
8204.8911 14.444
8206.9725 14.494
8209.0538 14.465
8211.1352 14.442
8213.2165 14.473
8215.2979 14.548
8217.3793 14.649
8219.4606 14.652
8221.5420 14.575
8223.6234 14.423
8225.7047 14.194
8227.7861 13.840
8229.8674 13.734
8231.9488 13.894
8234.0302 14.256
8236.1115 14.592
8238.1929 14.834
8240.2743 14.935
8242.3556 14.872
8244.4370 14.665
8246.5183 14.640
8248.5997 14.750
8250.6811 14.901
8252.7624 14.930
8254.8438 14.833
8256.9251 14.652
8259.0065 14.453
8261.0879 14.397
8263.1692 14.567
8265.2506 14.709
8267.3320 14.745
8269.4133 14.698
8271.4947 14.727
8273.5760 14.847
8275.6574 14.961
8277.7388 14.884
8279.8201 14.667
8281.9015 14.538
8283.9829 14.598
8286.0642 14.923
8288.1456 15.789
8290.2269 16.945
8292.3083 17.915
8294.3897 18.182
8296.4710 17.108
8298.5524 15.701
8300.6338 14.593
8302.7151 14.199
8304.7965 14.252
8306.8778 14.516
8308.9592 14.826
8311.0406 15.055
8313.1219 15.031
8315.2033 15.130
8317.2847 15.271
8319.3660 15.320
8321.4474 15.087
8323.5287 14.741
8325.6101 14.500
8327.6915 14.504
8329.7728 14.987
8331.8542 15.867
8333.9356 16.923
8336.0169 17.586
8338.0983 15.907
8340.1796 14.581
8342.2610 13.959
8344.3424 13.880
8346.4237 14.112
8348.5051 14.460
8350.5864 14.913
8352.6678 15.525
8354.7492 16.416
8356.8305 17.334
8358.9119 18.020
8360.9933 18.418
8363.0746 18.533
8365.1560 18.583
8367.2373 18.617
8369.3187 18.641
8371.4001 18.665
8373.4814 18.653
8375.5628 18.644
8377.6442 18.643
8379.7255 18.643
8381.8069 18.643
