3128.7791 11.580
3130.8605 11.605
3132.9418 11.548
3135.0232 11.471
3137.1045 11.424
3139.1859 11.391
3141.2673 11.353
3143.3486 11.337
3145.4300 11.348
3147.5114 11.379
3149.5927 11.433
3151.6741 11.429
3153.7554 11.381
3155.8368 11.346
3157.9182 11.301
3159.9995 11.280
3162.0809 11.294
3164.1623 11.348
3166.2436 11.278
3168.3250 11.270
3170.4063 11.266
3172.4877 11.266
3174.5691 11.235
3176.6504 11.194
3178.7318 11.183
3180.8132 11.190
3182.8945 11.179
3184.9759 11.165
3187.0572 11.159
3189.1386 11.144
3191.2200 11.102
3193.3013 11.078
3195.3827 11.071
3197.4641 11.075
3199.5454 11.083
3201.6268 11.084
3203.7081 11.065
3205.7895 11.042
3207.8709 11.022
3209.9522 11.032
3212.0336 11.050
3214.1150 11.056
3216.1963 11.058
3218.2777 11.075
3220.3590 11.120
3222.4404 11.136
3224.5218 11.125
3226.6031 11.090
3228.6845 11.048
3230.7658 11.005
3232.8472 10.984
3234.9286 10.995
3237.0099 11.007
3239.0913 11.002
3241.1727 10.985
3243.2540 10.965
3245.3354 10.988
3247.4167 11.021
3249.4981 11.019
3251.5795 10.990
3253.6608 10.974
3255.7422 10.969
3257.8236 10.964
3259.9049 10.945
3261.9863 10.904
3264.0676 10.879
3266.1490 10.851
3268.2304 10.855
3270.3117 10.909
3272.3931 10.971
3274.4745 11.007
3276.5558 11.040
3278.6372 11.064
3280.7185 11.040
3282.7999 11.002
3284.8813 10.973
3286.9626 10.961
3289.0440 10.972
3291.1254 10.950
3293.2067 10.916
3295.2881 10.902
3297.3694 10.927
3299.4508 10.954
3301.5322 10.959
3303.6135 10.964
3305.6949 10.974
3307.7762 10.980
3309.8576 10.982
3311.9390 10.970
3314.0203 10.950
3316.1017 10.931
3318.1831 10.926
3320.2644 10.933
3322.3458 10.945
3324.4271 10.945
3326.5085 10.930
3328.5899 10.908
3330.6712 10.883
3332.7526 10.860
3334.8340 10.865
3336.9153 10.901
3338.9967 10.927
3341.0780 10.926
3343.1594 10.887
3345.2408 10.884
3347.3221 10.887
3349.4035 10.887
3351.4849 10.878
3353.5662 10.885
3355.6476 10.879
3357.7289 10.879
3359.8103 10.893
3361.8917 10.899
3363.9730 10.905
3366.0544 10.908
3368.1358 10.909
3370.2171 10.904
3372.2985 10.917
3374.3798 10.899
3376.4612 10.873
3378.5426 10.862
3380.6239 10.865
3382.7053 10.856
3384.7867 10.862
3386.8680 10.880
3388.9494 10.892
3391.0307 10.885
3393.1121 10.877
3395.1935 10.872
3397.2748 10.889
3399.3562 10.872
3401.4375 10.871
3403.5189 10.879
3405.6003 10.892
3407.6816 10.900
3409.7630 10.913
3411.8444 10.928
3413.9257 10.939
3416.0071 10.929
3418.0884 10.926
3420.1698 10.930
3422.2512 10.946
3424.3325 10.945
3426.4139 10.925
3428.4953 10.923
3430.5766 10.930
3432.6580 10.926
3434.7393 10.927
3436.8207 10.945
3438.9021 10.963
3440.9834 10.968
3443.0648 10.938
3445.1462 10.926
3447.2275 10.928
3449.3089 10.938
3451.3902 10.916
3453.4716 10.898
3455.5530 10.884
3457.6343 10.874
3459.7157 10.858
3461.7971 10.853
3463.8784 10.858
3465.9598 10.867
3468.0411 10.868
3470.1225 10.887
3472.2039 10.882
3474.2852 10.881
3476.3666 10.901
3478.4479 10.927
3480.5293 10.917
3482.6107 10.912
3484.6920 10.920
3486.7734 10.943
3488.8548 10.947
3490.9361 10.942
3493.0175 10.941
3495.0988 10.932
3497.1802 10.919
3499.2616 10.911
3501.3429 10.907
3503.4243 10.901
3505.5057 10.893
3507.5870 10.897
3509.6684 10.905
3511.7497 10.905
3513.8311 10.892
3515.9125 10.882
3517.9938 10.867
3520.0752 10.853
3522.1566 10.860
3524.2379 10.890
3526.3193 10.904
3528.4006 10.899
3530.4820 10.878
3532.5634 10.878
3534.6447 10.884
3536.7261 10.873
3538.8075 10.848
3540.8888 10.835
3542.9702 10.833
3545.0515 10.837
3547.1329 10.849
3549.2143 10.870
3551.2956 10.893
3553.3770 10.898
3555.4584 10.883
3557.5397 10.872
3559.6211 10.874
3561.7024 10.864
3563.7838 10.845
3565.8652 10.831
3567.9465 10.818
3570.0279 10.807
3572.1092 10.788
3574.1906 10.773
3576.2720 10.788
3578.3533 10.808
3580.4347 10.818
3582.5161 10.813
3584.5974 10.809
3586.6788 10.807
3588.7601 10.820
3590.8415 10.837
3592.9229 10.850
3595.0042 10.860
3597.0856 10.868
3599.1670 10.856
3601.2483 10.825
3603.3297 10.798
3605.4110 10.788
3607.4924 10.779
3609.5738 10.788
3611.6551 10.816
3613.7365 10.834
3615.8179 10.838
3617.8992 10.844
3619.9806 10.858
3622.0619 10.873
3624.1433 10.890
3626.2247 10.906
3628.3060 10.885
3630.3874 10.856
3632.4688 10.849
3634.5501 10.857
3636.6315 10.858
3638.7128 10.852
3640.7942 10.845
3642.8756 10.830
3644.9569 10.821
3647.0383 10.829
3649.1197 10.842
3651.2010 10.841
3653.2824 10.833
3655.3637 10.829
3657.4451 10.832
3659.5265 10.825
3661.6078 10.825
3663.6892 10.827
3665.7705 10.815
3667.8519 10.790
3669.9333 10.794
3672.0146 10.799
3674.0960 10.801
3676.1774 10.805
3678.2587 10.810
3680.3401 10.808
3682.4214 10.802
3684.5028 10.802
3686.5842 10.809
3688.6655 10.817
3690.7469 10.817
3692.8283 10.823
3694.9096 10.824
3696.9910 10.814
3699.0723 10.817
3701.1537 10.835
3703.2351 10.855
3705.3164 10.872
3707.3978 10.874
3709.4792 10.866
3711.5605 10.851
3713.6419 10.836
3715.7232 10.816
3717.8046 10.822
3719.8860 10.827
3721.9673 10.827
3724.0487 10.817
3726.1301 10.795
3728.2114 10.769
3730.2928 10.750
3732.3741 10.761
3734.4555 10.790
3736.5369 10.790
3738.6182 10.765
3740.6996 10.720
3742.7809 10.703
3744.8623 10.723
3746.9437 10.772
3749.0250 10.822
3751.1064 10.831
3753.1878 10.787
3755.2691 10.735
3757.3505 10.685
3759.4318 10.652
3761.5132 10.628
3763.5946 10.624
3765.6759 10.658
3767.7573 10.733
3769.8387 10.812
3771.9200 10.835
3774.0014 10.804
3776.0827 10.736
3778.1641 10.671
3780.2455 10.627
3782.3268 10.591
3784.4082 10.558
3786.4896 10.536
3788.5709 10.540
3790.6523 10.587
3792.7336 10.656
3794.8150 10.731
3796.8964 10.797
3798.9777 10.826
3801.0591 10.809
3803.1405 10.744
3805.2218 10.665
3807.3032 10.614
3809.3845 10.578
3811.4659 10.546
3813.5473 10.522
3815.6286 10.529
3817.7100 10.566
3819.7914 10.607
3821.8727 10.606
3823.9541 10.591
3826.0354 10.601
3828.1168 10.626
3830.1982 10.662
3832.2795 10.728
3834.3609 10.781
3836.4422 10.795
3838.5236 10.770
3840.6050 10.706
3842.6863 10.641
3844.7677 10.591
3846.8491 10.559
3848.9304 10.537
3851.0118 10.525
3853.0931 10.507
3855.1745 10.482
3857.2559 10.467
3859.3372 10.470
3861.4186 10.470
3863.5000 10.471
3865.5813 10.477
3867.6627 10.491
3869.7440 10.505
3871.8254 10.516
3873.9068 10.529
3875.9881 10.550
3878.0695 10.564
3880.1509 10.588
3882.2322 10.626
3884.3136 10.685
3886.3949 10.745
3888.4763 10.792
3890.5577 10.820
3892.6390 10.807
3894.7204 10.733
3896.8018 10.647
3898.8831 10.577
3900.9645 10.530
3903.0458 10.498
3905.1272 10.474
3907.2086 10.454
3909.2899 10.451
3911.3713 10.468
3913.4526 10.480
3915.5340 10.484
3917.6154 10.481
3919.6967 10.483
3921.7781 10.498
3923.8595 10.512
3925.9408 10.517
3928.0222 10.512
3930.1035 10.503
3932.1849 10.501
3934.2663 10.504
3936.3476 10.508
3938.4290 10.503
3940.5104 10.490
3942.5917 10.481
3944.6731 10.479
3946.7544 10.487
3948.8358 10.503
3950.9172 10.518
3952.9985 10.526
3955.0799 10.524
3957.1613 10.529
3959.2426 10.560
3961.3240 10.598
3963.4053 10.641
3965.4867 10.701
3967.5681 10.770
3969.6494 10.825
3971.7308 10.844
3973.8122 10.823
3975.8935 10.751
3977.9749 10.668
3980.0562 10.596
3982.1376 10.546
3984.2190 10.524
3986.3003 10.509
3988.3817 10.492
3990.4631 10.476
3992.5444 10.472
3994.6258 10.474
3996.7071 10.472
3998.7885 10.468
4000.8699 10.469
4002.9512 10.477
4005.0326 10.495
4007.1139 10.515
4009.1953 10.529
4011.2767 10.532
4013.3580 10.516
4015.4394 10.498
4017.5208 10.485
4019.6021 10.479
4021.6835 10.486
4023.7648 10.513
4025.8462 10.551
4027.9276 10.572
4030.0089 10.548
4032.0903 10.508
4034.1717 10.478
4036.2530 10.468
4038.3344 10.468
4040.4157 10.467
4042.4971 10.460
4044.5785 10.447
4046.6598 10.433
4048.7412 10.433
4050.8226 10.434
4052.9039 10.435
4054.9853 10.433
4057.0666 10.431
4059.1480 10.432
4061.2294 10.436
4063.3107 10.443
4065.3921 10.453
4067.4735 10.464
4069.5548 10.473
4071.6362 10.480
4073.7175 10.490
4075.7989 10.498
4077.8803 10.502
4079.9616 10.504
4082.0430 10.503
4084.1243 10.507
4086.2057 10.513
4088.2871 10.519
4090.3684 10.524
4092.4498 10.539
4094.5312 10.579
4096.6125 10.642
4098.6939 10.711
4100.7752 10.773
4102.8566 10.810
4104.9380 10.804
4107.0193 10.758
4109.1007 10.684
4111.1821 10.615
4113.2634 10.564
4115.3448 10.534
4117.4261 10.522
4119.5075 10.521
4121.5889 10.517
4123.6702 10.506
4125.7516 10.495
4127.8330 10.488
4129.9143 10.482
4131.9957 10.475
4134.0770 10.471
4136.1584 10.472
4138.2398 10.487
4140.3211 10.509
4142.4025 10.531
4144.4839 10.540
4146.5652 10.536
4148.6466 10.518
4150.7279 10.495
4152.8093 10.478
4154.8907 10.472
4156.9720 10.465
4159.0534 10.453
4161.1348 10.441
4163.2161 10.438
4165.2975 10.445
4167.3788 10.452
4169.4602 10.457
4171.5416 10.460
4173.6229 10.460
4175.7043 10.453
4177.7856 10.446
4179.8670 10.439
4181.9484 10.437
4184.0297 10.441
4186.1111 10.447
4188.1925 10.454
4190.2738 10.458
4192.3552 10.460
4194.4365 10.457
4196.5179 10.450
4198.5993 10.447
4200.6806 10.447
4202.7620 10.445
4204.8434 10.444
4206.9247 10.443
4209.0061 10.445
4211.0874 10.441
4213.1688 10.443
4215.2502 10.451
4217.3315 10.455
4219.4129 10.454
4221.4943 10.452
4223.5756 10.449
4225.6570 10.447
4227.7383 10.449
4229.8197 10.451
4231.9011 10.452
4233.9824 10.451
4236.0638 10.451
4238.1452 10.454
4240.2265 10.452
4242.3079 10.445
4244.3892 10.441
4246.4706 10.445
4248.5520 10.453
4250.6333 10.458
4252.7147 10.455
4254.7961 10.449
4256.8774 10.446
4258.9588 10.450
4261.0401 10.461
4263.1215 10.471
4265.2029 10.474
4267.2842 10.471
4269.3656 10.461
4271.4469 10.456
4273.5283 10.450
4275.6097 10.448
4277.6910 10.446
4279.7724 10.441
4281.8538 10.438
4283.9351 10.436
4286.0165 10.436
4288.0978 10.438
4290.1792 10.442
4292.2606 10.449
4294.3419 10.461
4296.4233 10.467
4298.5047 10.464
4300.5860 10.455
4302.6674 10.453
4304.7487 10.458
4306.8301 10.463
4308.9115 10.463
4310.9928 10.458
4313.0742 10.454
4315.1556 10.456
4317.2369 10.464
4319.3183 10.471
4321.3996 10.474
4323.4810 10.479
4325.5624 10.491
4327.6437 10.506
4329.7251 10.525
4331.8065 10.553
4333.8878 10.591
4335.9692 10.640
4338.0505 10.703
4340.1319 10.761
4342.2133 10.783
4344.2946 10.761
4346.3760 10.698
4348.4573 10.628
4350.5387 10.570
4352.6201 10.529
4354.7014 10.506
4356.7828 10.492
4358.8642 10.483
4360.9455 10.477
4363.0269 10.473
4365.1082 10.470
4367.1896 10.466
4369.2710 10.462
4371.3523 10.459
4373.4337 10.460
4375.5151 10.461
4377.5964 10.458
4379.6778 10.457
4381.7591 10.467
4383.8405 10.488
4385.9219 10.509
4388.0032 10.522
4390.0846 10.518
4392.1660 10.502
4394.2473 10.484
4396.3287 10.465
4398.4100 10.447
4400.4914 10.437
4402.5728 10.429
4404.6541 10.420
4406.7355 10.415
4408.8169 10.416
4410.8982 10.419
4412.9796 10.427
4415.0609 10.442
4417.1423 10.456
4419.2237 10.454
4421.3050 10.448
4423.3864 10.446
4425.4678 10.448
4427.5491 10.456
4429.6305 10.464
4431.7118 10.467
4433.7932 10.465
4435.8746 10.460
4437.9559 10.462
4440.0373 10.464
4442.1186 10.463
4444.2000 10.453
4446.2814 10.441
4448.3627 10.434
4450.4441 10.434
4452.5255 10.432
4454.6068 10.427
4456.6882 10.424
4458.7695 10.424
4460.8509 10.427
4462.9323 10.437
4465.0136 10.459
4467.0950 10.489
4469.1764 10.523
4471.2577 10.552
4473.3391 10.554
4475.4204 10.535
4477.5018 10.510
4479.5832 10.488
4481.6645 10.470
4483.7459 10.453
4485.8273 10.440
4487.9086 10.435
4489.9900 10.441
4492.0713 10.450
4494.1527 10.452
4496.2341 10.446
4498.3154 10.436
4500.3968 10.433
4502.4782 10.430
4504.5595 10.431
4506.6409 10.435
4508.7222 10.431
4510.8036 10.421
4512.8850 10.417
4514.9663 10.420
4517.0477 10.420
4519.1290 10.424
4521.2104 10.425
4523.2918 10.423
4525.3731 10.419
4527.4545 10.426
4529.5359 10.434
4531.6172 10.438
4533.6986 10.432
4535.7799 10.417
4537.8613 10.414
4539.9427 10.417
4542.0240 10.419
4544.1054 10.420
4546.1868 10.425
4548.2681 10.428
4550.3495 10.427
4552.4308 10.429
4554.5122 10.433
4556.5936 10.432
4558.6749 10.431
4560.7563 10.433
4562.8377 10.438
4564.9190 10.441
4567.0004 10.443
4569.0817 10.445
4571.1631 10.445
4573.2445 10.438
4575.3258 10.435
4577.4072 10.434
4579.4886 10.433
4581.5699 10.433
4583.6513 10.435
4585.7326 10.435
4587.8140 10.435
4589.8954 10.435
4591.9767 10.437
4594.0581 10.444
4596.1395 10.452
4598.2208 10.455
4600.3022 10.455
4602.3835 10.451
4604.4649 10.448
4606.5463 10.454
4608.6276 10.459
4610.7090 10.456
4612.7903 10.448
4614.8717 10.438
4616.9531 10.432
4619.0344 10.429
4621.1158 10.430
4623.1972 10.433
4625.2785 10.436
4627.3599 10.441
4629.4412 10.447
4631.5226 10.455
4633.6040 10.462
4635.6853 10.464
4637.7667 10.466
4639.8481 10.461
4641.9294 10.451
4644.0108 10.450
4646.0921 10.450
4648.1735 10.452
4650.2549 10.453
4652.3362 10.450
4654.4176 10.440
4656.4990 10.434
4658.5803 10.432
4660.6617 10.431
4662.7430 10.426
4664.8244 10.423
4666.9058 10.423
4668.9871 10.426
4671.0685 10.430
4673.1499 10.431
4675.2312 10.433
4677.3126 10.436
4679.3939 10.434
4681.4753 10.428
4683.5567 10.427
4685.6380 10.429
4687.7194 10.429
4689.8007 10.432
4691.8821 10.438
4693.9635 10.444
4696.0448 10.448
4698.1262 10.447
4700.2076 10.442
4702.2889 10.437
4704.3703 10.434
4706.4516 10.440
4708.5330 10.445
4710.6144 10.454
4712.6957 10.464
4714.7771 10.469
4716.8585 10.465
4718.9398 10.455
4721.0212 10.448
4723.1025 10.447
4725.1839 10.449
4727.2653 10.451
4729.3466 10.452
4731.4280 10.448
4733.5094 10.446
4735.5907 10.441
4737.6721 10.435
4739.7534 10.435
4741.8348 10.443
4743.9162 10.448
4745.9975 10.447
4748.0789 10.445
4750.1603 10.443
4752.2416 10.449
4754.3230 10.455
4756.4043 10.455
4758.4857 10.450
4760.5671 10.447
4762.6484 10.446
4764.7298 10.448
4766.8112 10.452
4768.8925 10.453
4770.9739 10.449
4773.0552 10.449
4775.1366 10.455
4777.2180 10.460
4779.2993 10.465
4781.3807 10.466
4783.4620 10.460
4785.5434 10.451
4787.6248 10.446
4789.7061 10.447
4791.7875 10.449
4793.8689 10.455
4795.9502 10.459
4798.0316 10.458
4800.1129 10.455
4802.1943 10.454
4804.2757 10.453
4806.3570 10.453
4808.4384 10.449
4810.5198 10.441
4812.6011 10.438
4814.6825 10.443
4816.7638 10.447
4818.8452 10.446
4820.9266 10.443
4823.0079 10.446
4825.0893 10.451
4827.1707 10.455
4829.2520 10.459
4831.3334 10.463
4833.4147 10.465
4835.4961 10.464
4837.5775 10.465
4839.6588 10.460
4841.7402 10.465
4843.8216 10.474
4845.9029 10.484
4847.9843 10.494
4850.0656 10.507
4852.1470 10.524
4854.2284 10.555
4856.3097 10.609
4858.3911 10.672
4860.4725 10.744
4862.5538 10.790
4864.6352 10.786
4866.7165 10.729
4868.7979 10.654
4870.8793 10.595
4872.9606 10.555
4875.0420 10.531
4877.1233 10.517
4879.2047 10.507
4881.2861 10.503
4883.3674 10.495
4885.4488 10.493
4887.5302 10.489
4889.6115 10.484
4891.6929 10.472
4893.7742 10.467
4895.8556 10.461
4897.9370 10.458
4900.0183 10.456
4902.0997 10.454
4904.1811 10.450
4906.2624 10.451
4908.3438 10.453
4910.4251 10.453
4912.5065 10.452
4914.5879 10.455
4916.6692 10.467
4918.7506 10.493
4920.8320 10.515
4922.9133 10.527
4924.9947 10.522
4927.0760 10.504
4929.1574 10.478
4931.2388 10.459
4933.3201 10.448
4935.4015 10.442
4937.4829 10.439
4939.5642 10.439
4941.6456 10.438
4943.7269 10.438
4945.8083 10.441
4947.8897 10.444
4949.9710 10.445
4952.0524 10.443
4954.1337 10.443
4956.2151 10.441
4958.2965 10.440
4960.3778 10.440
4962.4592 10.441
4964.5406 10.441
4966.6219 10.439
4968.7033 10.437
4970.7846 10.433
4972.8660 10.432
4974.9474 10.435
4977.0287 10.444
4979.1101 10.446
4981.1915 10.438
4983.2728 10.430
4985.3542 10.430
4987.4355 10.438
4989.5169 10.443
4991.5983 10.445
4993.6796 10.443
4995.7610 10.442
4997.8424 10.445
4999.9237 10.449
5002.0051 10.451
5004.0864 10.449
5006.1678 10.445
5008.2492 10.446
5010.3305 10.455
5012.4119 10.468
5014.4933 10.480
5016.5746 10.488
5018.6560 10.488
5020.7373 10.478
5022.8187 10.464
5024.9001 10.460
5026.9814 10.457
5029.0628 10.454
5031.1442 10.451
5033.2255 10.447
5035.3069 10.445
5037.3882 10.446
5039.4696 10.447
5041.5510 10.447
5043.6323 10.451
5045.7137 10.459
5047.7950 10.469
5049.8764 10.473
5051.9578 10.471
5054.0391 10.463
5056.1205 10.454
5058.2019 10.453
5060.2832 10.456
5062.3646 10.461
5064.4459 10.465
5066.5273 10.463
5068.6087 10.454
5070.6900 10.448
5072.7714 10.446
5074.8528 10.442
5076.9341 10.439
5079.0155 10.431
5081.0968 10.425
5083.1782 10.422
5085.2596 10.427
5087.3409 10.433
5089.4223 10.439
5091.5037 10.446
5093.5850 10.455
5095.6664 10.465
5097.7477 10.466
5099.8291 10.464
5101.9105 10.463
5103.9918 10.462
5106.0732 10.460
5108.1546 10.458
5110.2359 10.457
5112.3173 10.457
5114.3986 10.451
5116.4800 10.442
5118.5614 10.440
5120.6427 10.453
5122.7241 10.460
5124.8054 10.457
5126.8868 10.450
5128.9682 10.445
5131.0495 10.446
5133.1309 10.448
5135.2123 10.449
5137.2936 10.447
5139.3750 10.447
5141.4563 10.447
5143.5377 10.451
5145.6191 10.457
5147.7004 10.464
5149.7818 10.462
5151.8632 10.454
5153.9445 10.448
5156.0259 10.448
5158.1072 10.447
5160.1886 10.447
5162.2700 10.449
5164.3513 10.450
5166.4327 10.449
5168.5141 10.445
5170.5954 10.439
5172.6768 10.432
5174.7581 10.432
5176.8395 10.437
5178.9209 10.440
5181.0022 10.441
5183.0836 10.439
5185.1650 10.442
5187.2463 10.439
5189.3277 10.435
5191.4090 10.433
5193.4904 10.430
5195.5718 10.429
5197.6531 10.434
5199.7345 10.437
5201.8159 10.434
5203.8972 10.430
5205.9786 10.432
5208.0599 10.438
5210.1413 10.449
5212.2227 10.458
5214.3040 10.453
5216.3854 10.442
5218.4667 10.436
5220.5481 10.438
5222.6295 10.436
5224.7108 10.433
5226.7922 10.432
5228.8736 10.433
5230.9549 10.433
5233.0363 10.438
5235.1176 10.446
5237.1990 10.448
5239.2804 10.439
5241.3617 10.435
5243.4431 10.433
5245.5245 10.432
5247.6058 10.430
5249.6872 10.435
5251.7685 10.441
5253.8499 10.444
5255.9313 10.441
5258.0126 10.444
5260.0940 10.446
5262.1754 10.447
5264.2567 10.438
5266.3381 10.428
5268.4194 10.424
5270.5008 10.427
5272.5822 10.430
5274.6635 10.429
5276.7449 10.433
5278.8263 10.434
5280.9076 10.420
5282.9890 10.420
5285.0703 10.428
5287.1517 10.434
5289.2331 10.435
5291.3144 10.430
5293.3958 10.430
5295.4772 10.426
5297.5585 10.422
5299.6399 10.421
5301.7212 10.429
5303.8026 10.435
5305.8840 10.437
5307.9653 10.433
5310.0467 10.427
5312.1280 10.420
5314.2094 10.417
5316.2908 10.418
5318.3721 10.426
5320.4535 10.431
5322.5349 10.434
5324.6162 10.434
5326.6976 10.434
5328.7789 10.422
5330.8603 10.420
5332.9417 10.424
5335.0230 10.433
5337.1044 10.437
5339.1858 10.439
5341.2671 10.435
5343.3485 10.425
5345.4298 10.423
5347.5112 10.430
5349.5926 10.437
5351.6739 10.438
5353.7553 10.439
5355.8367 10.437
5357.9180 10.436
5359.9994 10.436
5362.0807 10.435
5364.1621 10.437
5366.2435 10.438
5368.3248 10.437
5370.4062 10.435
5372.4876 10.425
5374.5689 10.415
5376.6503 10.412
5378.7316 10.415
5380.8130 10.418
5382.8944 10.412
5384.9757 10.413
5387.0571 10.419
5389.1384 10.423
5391.2198 10.417
5393.3012 10.414
5395.3825 10.415
5397.4639 10.419
5399.5453 10.424
5401.6266 10.422
5403.7080 10.415
5405.7893 10.409
5407.8707 10.412
5409.9521 10.409
5412.0334 10.405
5414.1148 10.405
5416.1962 10.410
5418.2775 10.418
5420.3589 10.418
5422.4402 10.415
5424.5216 10.412
5426.6030 10.421
5428.6843 10.424
5430.7657 10.425
5432.8471 10.424
5434.9284 10.427
5437.0098 10.423
5439.0911 10.423
5441.1725 10.427
5443.2539 10.434
5445.3352 10.434
5447.4166 10.429
5449.4980 10.429
5451.5793 10.436
5453.6607 10.444
5455.7420 10.445
5457.8234 10.440
5459.9048 10.437
5461.9861 10.433
5464.0675 10.434
5466.1489 10.436
5468.2302 10.436
5470.3116 10.438
5472.3929 10.438
5474.4743 10.443
5476.5557 10.446
5478.6370 10.442
5480.7184 10.438
5482.7997 10.431
5484.8811 10.428
5486.9625 10.431
5489.0438 10.434
5491.1252 10.435
5493.2066 10.435
5495.2879 10.437
5497.3693 10.424
5499.4506 10.415
5501.5320 10.412
5503.6134 10.418
5505.6947 10.418
5507.7761 10.413
5509.8575 10.405
5511.9388 10.404
5514.0202 10.408
5516.1015 10.411
5518.1829 10.410
5520.2643 10.415
5522.3456 10.421
5524.4270 10.422
5526.5084 10.424
5528.5897 10.432
5530.6711 10.440
5532.7524 10.445
5534.8338 10.443
5536.9152 10.439
5538.9965 10.433
5541.0779 10.432
5543.1593 10.436
5545.2406 10.441
5547.3220 10.439
5549.4033 10.435
5551.4847 10.425
5553.5661 10.414
5555.6474 10.403
5557.7288 10.398
5559.8101 10.396
5561.8915 10.400
5563.9729 10.408
5566.0542 10.416
5568.1356 10.422
5570.2170 10.424
5572.2983 10.425
5574.3797 10.425
5576.4610 10.417
5578.5424 10.415
5580.6238 10.414
5582.7051 10.412
5584.7865 10.413
5586.8679 10.420
5588.9492 10.427
5591.0306 10.427
5593.1119 10.421
5595.1933 10.418
5597.2747 10.420
5599.3560 10.422
5601.4374 10.422
5603.5188 10.420
5605.6001 10.415
5607.6815 10.412
5609.7628 10.412
5611.8442 10.413
5613.9256 10.415
5616.0069 10.418
5618.0883 10.416
5620.1697 10.413
5622.2510 10.416
5624.3324 10.423
5626.4137 10.427
5628.4951 10.431
5630.5765 10.432
5632.6578 10.436
5634.7392 10.444
5636.8206 10.450
5638.9019 10.453
5640.9833 10.452
5643.0646 10.454
5645.1460 10.455
5647.2274 10.453
5649.3087 10.446
5651.3901 10.435
5653.4714 10.428
5655.5528 10.428
5657.6342 10.433
5659.7155 10.431
5661.7969 10.433
5663.8783 10.434
5665.9596 10.434
5668.0410 10.436
5670.1223 10.438
5672.2037 10.443
5674.2851 10.449
5676.3664 10.456
5678.4478 10.454
5680.5292 10.452
5682.6105 10.451
5684.6919 10.453
5686.7732 10.453
5688.8546 10.455
5690.9360 10.456
5693.0173 10.460
5695.0987 10.459
5697.1801 10.453
5699.2614 10.443
5701.3428 10.445
5703.4241 10.445
5705.5055 10.444
5707.5869 10.444
5709.6682 10.446
5711.7496 10.446
5713.8310 10.442
5715.9123 10.441
5717.9937 10.447
5720.0750 10.446
5722.1564 10.439
5724.2378 10.433
5726.3191 10.433
5728.4005 10.437
5730.4818 10.439
5732.5632 10.442
5734.6446 10.446
5736.7259 10.445
5738.8073 10.442
5740.8887 10.439
5742.9700 10.437
5745.0514 10.433
5747.1327 10.431
5749.2141 10.428
5751.2955 10.426
5753.3768 10.432
5755.4582 10.434
5757.5396 10.430
5759.6209 10.425
5761.7023 10.427
5763.7836 10.432
5765.8650 10.439
5767.9464 10.444
5770.0277 10.446
5772.1091 10.445
5774.1905 10.444
5776.2718 10.444
5778.3532 10.451
5780.4345 10.455
5782.5159 10.452
5784.5973 10.448
5786.6786 10.447
5788.7600 10.451
5790.8414 10.453
5792.9227 10.457
5795.0041 10.456
5797.0854 10.452
5799.1668 10.449
5801.2482 10.449
5803.3295 10.450
5805.4109 10.448
5807.4923 10.450
5809.5736 10.445
5811.6550 10.439
5813.7363 10.430
5815.8177 10.422
5817.8991 10.417
5819.9804 10.418
5822.0618 10.414
5824.1431 10.411
5826.2245 10.406
5828.3059 10.407
5830.3872 10.410
5832.4686 10.417
5834.5500 10.420
5836.6313 10.421
5838.7127 10.426
5840.7940 10.434
5842.8754 10.441
5844.9568 10.441
5847.0381 10.437
5849.1195 10.435
5851.2009 10.441
5853.2822 10.447
5855.3636 10.447
5857.4449 10.446
5859.5263 10.447
5861.6077 10.452
5863.6890 10.461
5865.7704 10.467
5867.8518 10.471
5869.9331 10.479
5872.0145 10.490
5874.0958 10.504
5876.1772 10.516
5878.2586 10.515
5880.3399 10.507
5882.4213 10.504
5884.5027 10.507
5886.5840 10.514
5888.6654 10.527
5890.7467 10.533
5892.8281 10.534
5894.9095 10.531
5896.9908 10.529
5899.0722 10.519
5901.1536 10.506
5903.2349 10.491
5905.3163 10.477
5907.3976 10.464
5909.4790 10.458
5911.5604 10.452
5913.6417 10.448
5915.7231 10.456
5917.8044 10.468
5919.8858 10.477
5921.9672 10.479
5924.0485 10.481
5926.1299 10.481
5928.2113 10.477
5930.2926 10.468
5932.3740 10.467
5934.4553 10.470
5936.5367 10.462
5938.6181 10.456
5940.6994 10.463
5942.7808 10.471
5944.8622 10.475
5946.9435 10.471
5949.0249 10.464
5951.1062 10.465
5953.1876 10.469
5955.2690 10.476
5957.3503 10.475
5959.4317 10.473
5961.5131 10.473
5963.5944 10.478
5965.6758 10.487
5967.7571 10.500
5969.8385 10.505
5971.9199 10.499
5974.0012 10.492
5976.0826 10.490
5978.1640 10.490
5980.2453 10.490
5982.3267 10.487
5984.4080 10.476
5986.4894 10.467
5988.5708 10.464
5990.6521 10.474
5992.7335 10.487
5994.8148 10.491
5996.8962 10.488
5998.9776 10.485
6001.0589 10.491
6003.1403 10.500
6005.2217 10.508
6007.3030 10.508
6009.3844 10.502
6011.4657 10.496
6013.5471 10.494
6015.6285 10.496
6017.7098 10.494
6019.7912 10.484
6021.8726 10.473
6023.9539 10.471
6026.0353 10.480
6028.1166 10.482
6030.1980 10.483
6032.2794 10.484
6034.3607 10.491
6036.4421 10.496
6038.5235 10.499
6040.6048 10.500
6042.6862 10.496
6044.7675 10.492
6046.8489 10.490
6048.9303 10.489
6051.0116 10.490
6053.0930 10.488
6055.1744 10.488
6057.2557 10.492
6059.3371 10.498
6061.4184 10.497
6063.4998 10.499
6065.5812 10.506
6067.6625 10.520
6069.7439 10.525
6071.8253 10.529
6073.9066 10.529
6075.9880 10.526
6078.0693 10.518
6080.1507 10.517
6082.2321 10.520
6084.3134 10.521
6086.3948 10.509
6088.4761 10.505
6090.5575 10.510
6092.6389 10.525
6094.7202 10.529
6096.8016 10.526
6098.8830 10.519
6100.9643 10.513
6103.0457 10.507
6105.1270 10.503
6107.2084 10.505
6109.2898 10.513
6111.3711 10.519
6113.4525 10.514
6115.5339 10.507
6117.6152 10.506
6119.6966 10.512
6121.7779 10.510
6123.8593 10.504
6125.9407 10.499
6128.0220 10.502
6130.1034 10.508
6132.1848 10.513
6134.2661 10.516
6136.3475 10.519
6138.4288 10.526
6140.5102 10.533
6142.5916 10.540
6144.6729 10.544
6146.7543 10.546
6148.8357 10.543
6150.9170 10.539
6152.9984 10.536
6155.0797 10.540
6157.1611 10.544
6159.2425 10.548
6161.3238 10.549
6163.4052 10.549
6165.4865 10.552
6167.5679 10.558
6169.6493 10.564
6171.7306 10.564
6173.8120 10.562
6175.8934 10.559
6177.9747 10.556
6180.0561 10.554
6182.1374 10.552
6184.2188 10.552
6186.3002 10.553
6188.3815 10.547
6190.4629 10.537
6192.5443 10.526
6194.6256 10.516
6196.7070 10.510
6198.7883 10.511
6200.8697 10.518
6202.9511 10.529
6205.0324 10.530
6207.1138 10.531
6209.1952 10.535
6211.2765 10.543
6213.3579 10.552
6215.4392 10.555
6217.5206 10.551
6219.6020 10.543
6221.6833 10.543
6223.7647 10.544
6225.8461 10.543
6227.9274 10.541
6230.0088 10.543
6232.0901 10.546
6234.1715 10.549
6236.2529 10.551
6238.3342 10.548
6240.4156 10.550
6242.4970 10.557
6244.5783 10.567
6246.6597 10.577
6248.7410 10.587
6250.8224 10.587
6252.9038 10.579
6254.9851 10.568
6257.0665 10.564
6259.1478 10.561
6261.2292 10.557
6263.3106 10.555
6265.3919 10.558
6267.4733 10.566
6269.5547 10.576
6271.6360 10.585
6273.7174 10.590
6275.7987 10.601
6277.8801 10.613
6279.9615 10.621
6282.0428 10.621
6284.1242 10.621
6286.2056 10.621
6288.2869 10.621
6290.3683 10.613
6292.4496 10.597
6294.5310 10.578
6296.6124 10.563
6298.6937 10.564
6300.7751 10.567
6302.8565 10.569
6304.9378 10.568
6307.0192 10.568
6309.1005 10.561
6311.1819 10.552
6313.2633 10.543
6315.3446 10.540
6317.4260 10.539
6319.5074 10.539
6321.5887 10.539
6323.6701 10.546
6325.7514 10.556
6327.8328 10.563
6329.9142 10.566
6331.9955 10.566
6334.0769 10.569
6336.1583 10.571
6338.2396 10.570
6340.3210 10.567
6342.4023 10.569
6344.4837 10.570
6346.5651 10.571
6348.6464 10.573
6350.7278 10.570
6352.8091 10.561
6354.8905 10.551
6356.9719 10.547
6359.0532 10.565
6361.1346 10.577
6363.2160 10.583
6365.2973 10.581
6367.3787 10.580
6369.4600 10.583
6371.5414 10.586
6373.6228 10.588
6375.7041 10.594
6377.7855 10.594
6379.8669 10.591
6381.9482 10.589
6384.0296 10.595
6386.1109 10.601
6388.1923 10.602
6390.2737 10.598
6392.3550 10.584
6394.4364 10.574
6396.5178 10.570
6398.5991 10.572
6400.6805 10.573
6402.7618 10.573
6404.8432 10.569
6406.9246 10.563
6409.0059 10.555
6411.0873 10.558
6413.1687 10.561
6415.2500 10.564
6417.3314 10.564
6419.4127 10.568
6421.4941 10.571
6423.5755 10.572
6425.6568 10.568
6427.7382 10.569
6429.8195 10.569
6431.9009 10.566
6433.9823 10.558
6436.0636 10.554
6438.1450 10.557
6440.2264 10.563
6442.3077 10.568
6444.3891 10.576
6446.4704 10.577
6448.5518 10.572
6450.6332 10.560
6452.7145 10.558
6454.7959 10.559
6456.8773 10.561
6458.9586 10.562
6461.0400 10.558
6463.1213 10.557
6465.2027 10.563
6467.2841 10.574
6469.3654 10.583
6471.4468 10.584
6473.5282 10.582
6475.6095 10.579
6477.6909 10.576
6479.7722 10.571
6481.8536 10.569
6483.9350 10.571
6486.0163 10.579
6488.0977 10.582
6490.1791 10.585
6492.2604 10.587
6494.3418 10.582
6496.4231 10.573
6498.5045 10.570
6500.5859 10.571
6502.6672 10.575
6504.7486 10.583
6506.8300 10.587
6508.9113 10.584
6510.9927 10.571
6513.0740 10.566
6515.1554 10.567
6517.2368 10.571
6519.3181 10.579
6521.3995 10.586
6523.4808 10.591
6525.5622 10.596
6527.6436 10.601
6529.7249 10.606
6531.8063 10.611
6533.8877 10.614
6535.9690 10.613
6538.0504 10.603
6540.1317 10.599
6542.2131 10.603
6544.2945 10.615
6546.3758 10.635
6548.4572 10.654
6550.5386 10.672
6552.6199 10.687
6554.7013 10.704
6556.7826 10.720
6558.8640 10.741
6560.9454 10.768
6563.0267 10.798
6565.1081 10.804
6567.1895 10.785
6569.2708 10.746
6571.3522 10.699
6573.4335 10.669
6575.5149 10.658
6577.5963 10.660
6579.6776 10.659
6581.7590 10.650
6583.8404 10.641
6585.9217 10.631
6588.0031 10.614
6590.0844 10.604
6592.1658 10.599
6594.2472 10.596
6596.3285 10.590
6598.4099 10.582
6600.4912 10.579
6602.5726 10.580
6604.6540 10.584
6606.7353 10.579
6608.8167 10.573
6610.8981 10.570
6612.9794 10.574
6615.0608 10.576
6617.1421 10.574
6619.2235 10.569
6621.3049 10.563
6623.3862 10.551
6625.4676 10.548
6627.5490 10.553
6629.6303 10.563
6631.7117 10.565
6633.7930 10.563
6635.8744 10.561
6637.9558 10.558
6640.0371 10.559
6642.1185 10.558
6644.1999 10.550
6646.2812 10.539
6648.3626 10.540
6650.4439 10.547
6652.5253 10.554
6654.6067 10.556
6656.6880 10.553
6658.7694 10.556
6660.8508 10.564
6662.9321 10.572
6665.0135 10.575
6667.0948 10.578
6669.1762 10.585
6671.2576 10.595
6673.3389 10.599
6675.4203 10.604
6677.5017 10.615
6679.5830 10.629
6681.6644 10.639
6683.7457 10.631
6685.8271 10.616
6687.9085 10.598
6689.9898 10.581
6692.0712 10.564
6694.1525 10.548
6696.2339 10.538
6698.3153 10.536
6700.3966 10.546
6702.4780 10.555
6704.5594 10.561
6706.6407 10.561
6708.7221 10.556
6710.8034 10.551
6712.8848 10.546
6714.9662 10.541
6717.0475 10.543
6719.1289 10.552
6721.2103 10.562
6723.2916 10.570
6725.3730 10.570
6727.4543 10.566
6729.5357 10.562
6731.6171 10.558
6733.6984 10.553
6735.7798 10.551
6737.8612 10.553
6739.9425 10.558
6742.0239 10.553
6744.1052 10.547
6746.1866 10.543
6748.2680 10.544
6750.3493 10.548
6752.4307 10.548
6754.5121 10.548
6756.5934 10.549
6758.6748 10.552
6760.7561 10.557
6762.8375 10.563
6764.9189 10.568
6767.0002 10.563
6769.0816 10.556
6771.1629 10.555
6773.2443 10.561
6775.3257 10.572
6777.4070 10.576
6779.4884 10.571
6781.5698 10.563
6783.6511 10.555
6785.7325 10.554
6787.8138 10.552
6789.8952 10.545
6791.9766 10.530
6794.0579 10.522
6796.1393 10.529
6798.2207 10.543
6800.3020 10.559
6802.3834 10.569
6804.4647 10.570
6806.5461 10.563
6808.6275 10.551
6810.7088 10.540
6812.7902 10.538
6814.8716 10.536
6816.9529 10.531
6819.0343 10.520
6821.1156 10.510
6823.1970 10.511
6825.2784 10.524
6827.3597 10.551
6829.4411 10.576
6831.5225 10.587
6833.6038 10.583
6835.6852 10.567
6837.7665 10.554
6839.8479 10.549
6841.9293 10.550
6844.0106 10.555
6846.0920 10.557
6848.1734 10.551
6850.2547 10.543
6852.3361 10.544
6854.4174 10.567
6856.4988 10.585
6858.5802 10.598
6860.6615 10.607
6862.7429 10.637
6864.8242 10.681
6866.9056 10.729
6868.9870 10.770
6871.0683 10.777
6873.1497 10.763
6875.2311 10.737
6877.3124 10.705
6879.3938 10.676
6881.4751 10.660
6883.5565 10.654
6885.6379 10.656
6887.7192 10.654
6889.8006 10.645
6891.8820 10.636
6893.9633 10.633
6896.0447 10.634
6898.1260 10.635
6900.2074 10.638
6902.2888 10.641
6904.3701 10.640
6906.4515 10.639
6908.5329 10.637
6910.6142 10.631
6912.6956 10.614
6914.7769 10.588
6916.8583 10.564
6918.9397 10.545
6921.0210 10.538
6923.1024 10.542
6925.1838 10.553
6927.2651 10.569
6929.3465 10.585
6931.4278 10.591
6933.5092 10.590
6935.5906 10.583
6937.6719 10.572
6939.7533 10.565
6941.8347 10.563
6943.9160 10.565
6945.9974 10.571
6948.0787 10.580
6950.1601 10.577
6952.2415 10.567
6954.3228 10.557
6956.4042 10.550
6958.4855 10.540
6960.5669 10.529
6962.6483 10.516
6964.7296 10.506
6966.8110 10.504
6968.8924 10.511
6970.9737 10.524
6973.0551 10.531
6975.1364 10.526
6977.2178 10.518
6979.2992 10.514
6981.3805 10.523
6983.4619 10.540
6985.5433 10.552
6987.6246 10.555
6989.7060 10.545
6991.7873 10.536
6993.8687 10.529
6995.9501 10.523
6998.0314 10.519
7000.1128 10.517
7002.1942 10.514
7004.2755 10.511
7006.3569 10.512
7008.4382 10.528
7010.5196 10.538
7012.6010 10.538
7014.6823 10.529
7016.7637 10.533
7018.8451 10.539
7020.9264 10.544
7023.0078 10.546
7025.0891 10.551
7027.1705 10.559
7029.2519 10.566
7031.3332 10.568
7033.4146 10.553
7035.4959 10.535
7037.5773 10.521
7039.6587 10.520
7041.7400 10.537
7043.8214 10.542
7045.9028 10.541
7047.9841 10.535
7050.0655 10.539
7052.1468 10.540
7054.2282 10.541
7056.3096 10.544
7058.3909 10.551
7060.4723 10.560
7062.5537 10.571
7064.6350 10.583
7066.7164 10.590
7068.7977 10.590
7070.8791 10.580
7072.9605 10.559
7075.0418 10.538
7077.1232 10.536
7079.2046 10.539
7081.2859 10.540
7083.3673 10.532
7085.4486 10.526
7087.5300 10.521
7089.6114 10.517
7091.6927 10.514
7093.7741 10.512
7095.8555 10.506
7097.9368 10.500
7100.0182 10.506
7102.0995 10.516
7104.1809 10.522
7106.2623 10.526
7108.3436 10.527
7110.4250 10.517
7112.5064 10.512
7114.5877 10.512
7116.6691 10.522
7118.7504 10.535
7120.8318 10.537
7122.9132 10.533
7124.9945 10.528
7127.0759 10.525
7129.1572 10.527
7131.2386 10.534
7133.3200 10.544
7135.4013 10.545
7137.4827 10.544
7139.5641 10.540
7141.6454 10.536
7143.7268 10.540
7145.8081 10.542
7147.8895 10.546
7149.9709 10.551
7152.0522 10.554
7154.1336 10.549
7156.2150 10.541
7158.2963 10.536
7160.3777 10.545
7162.4590 10.558
7164.5404 10.569
7166.6218 10.578
7168.7031 10.588
7170.7845 10.594
7172.8659 10.600
7174.9472 10.609
7177.0286 10.625
7179.1099 10.636
7181.1913 10.644
7183.2727 10.649
7185.3540 10.655
7187.4354 10.646
7189.5168 10.638
7191.5981 10.636
7193.6795 10.644
7195.7608 10.652
7197.8422 10.653
7199.9236 10.653
7202.0049 10.657
7204.0863 10.650
7206.1676 10.632
7208.2490 10.615
7210.3304 10.610
7212.4117 10.608
7214.4931 10.603
7216.5745 10.595
7218.6558 10.588
7220.7372 10.591
7222.8185 10.591
7224.8999 10.588
7226.9813 10.582
7229.0626 10.584
7231.1440 10.585
7233.2254 10.592
7235.3067 10.606
7237.3881 10.623
7239.4694 10.629
7241.5508 10.631
7243.6322 10.632
7245.7135 10.627
7247.7949 10.616
7249.8763 10.608
7251.9576 10.606
7254.0390 10.616
7256.1203 10.631
7258.2017 10.643
7260.2831 10.650
7262.3644 10.649
7264.4458 10.636
7266.5272 10.616
7268.6085 10.595
7270.6899 10.581
7272.7712 10.581
7274.8526 10.585
7276.9340 10.594
7279.0153 10.611
7281.0967 10.619
7283.1781 10.623
7285.2594 10.624
7287.3408 10.620
7289.4221 10.608
7291.5035 10.599
7293.5849 10.594
7295.6662 10.592
7297.7476 10.589
7299.8289 10.590
7301.9103 10.593
7303.9917 10.595
7306.0730 10.599
7308.1544 10.601
7310.2358 10.599
7312.3171 10.594
7314.3985 10.592
7316.4798 10.587
7318.5612 10.581
7320.6426 10.575
7322.7239 10.574
7324.8053 10.575
7326.8867 10.579
7328.9680 10.583
7331.0494 10.583
7333.1307 10.577
7335.2121 10.570
7337.2935 10.566
7339.3748 10.569
7341.4562 10.571
7343.5376 10.570
7345.6189 10.567
7347.7003 10.566
7349.7816 10.568
7351.8630 10.571
7353.9444 10.573
7356.0257 10.574
7358.1071 10.578
7360.1885 10.578
7362.2698 10.574
7364.3512 10.570
7366.4325 10.569
7368.5139 10.571
7370.5953 10.575
7372.6766 10.584
7374.7580 10.580
7376.8394 10.577
7378.9207 10.577
7381.0021 10.581
7383.0834 10.571
7385.1648 10.564
7387.2462 10.562
7389.3275 10.565
7391.4089 10.563
7393.4902 10.557
7395.5716 10.554
7397.6530 10.555
7399.7343 10.560
7401.8157 10.561
7403.8971 10.557
7405.9784 10.548
7408.0598 10.531
7410.1411 10.530
7412.2225 10.537
7414.3039 10.548
7416.3852 10.553
7418.4666 10.549
7420.5480 10.539
7422.6293 10.528
7424.7107 10.526
7426.7920 10.533
7428.8734 10.540
7430.9548 10.546
7433.0361 10.552
7435.1175 10.557
7437.1989 10.563
7439.2802 10.574
7441.3616 10.592
7443.4429 10.606
7445.5243 10.599
7447.6057 10.581
7449.6870 10.567
7451.7684 10.575
7453.8498 10.583
7455.9311 10.584
7458.0125 10.572
7460.0938 10.558
7462.1752 10.549
7464.2566 10.547
7466.3379 10.552
7468.4193 10.564
7470.5006 10.578
7472.5820 10.588
7474.6634 10.592
7476.7447 10.580
7478.8261 10.560
7480.9075 10.538
7482.9888 10.520
7485.0702 10.518
7487.1515 10.534
7489.2329 10.554
7491.3143 10.572
7493.3956 10.577
7495.4770 10.576
7497.5584 10.572
7499.6397 10.568
7501.7211 10.569
7503.8024 10.567
7505.8838 10.559
7507.9652 10.549
7510.0465 10.544
7512.1279 10.552
7514.2093 10.560
7516.2906 10.564
7518.3720 10.560
7520.4533 10.557
7522.5347 10.560
7524.6161 10.567
7526.6974 10.575
7528.7788 10.567
7530.8602 10.558
7532.9415 10.553
7535.0229 10.560
7537.1042 10.580
7539.1856 10.591
7541.2670 10.595
7543.3483 10.594
7545.4297 10.599
7547.5111 10.611
7549.5924 10.623
7551.6738 10.631
7553.7551 10.614
7555.8365 10.605
7557.9179 10.598
7559.9992 10.590
7562.0806 10.569
7564.1619 10.562
7566.2433 10.566
7568.3247 10.579
7570.4060 10.586
7572.4874 10.586
7574.5688 10.583
7576.6501 10.583
7578.7315 10.591
7580.8128 10.603
7582.8942 10.619
7584.9756 10.645
7587.0569 10.692
7589.1383 10.761
7591.2197 10.855
7593.3010 10.974
7595.3824 11.124
7597.4637 11.293
7599.5451 11.459
7601.6265 11.612
7603.7078 11.734
7605.7892 11.756
7607.8706 11.707
7609.9519 11.604
7612.0333 11.469
7614.1146 11.354
7616.1960 11.272
7618.2774 11.228
7620.3587 11.226
7622.4401 11.264
7624.5215 11.303
7626.6028 11.331
7628.6842 11.337
7630.7655 11.309
7632.8469 11.284
7634.9283 11.264
7637.0096 11.248
7639.0910 11.216
7641.1723 11.179
7643.2537 11.144
7645.3351 11.115
7647.4164 11.080
7649.4978 11.039
7651.5792 10.996
7653.6605 10.952
7655.7419 10.901
7657.8232 10.863
7659.9046 10.830
7661.9860 10.801
7664.0673 10.768
7666.1487 10.747
7668.2301 10.738
7670.3114 10.739
7672.3928 10.740
7674.4741 10.730
7676.5555 10.717
7678.6369 10.705
7680.7182 10.699
7682.7996 10.693
7684.8810 10.686
7686.9623 10.675
7689.0437 10.654
7691.1250 10.634
7693.2064 10.635
7695.2878 10.649
7697.3691 10.665
7699.4505 10.680
7701.5319 10.687
7703.6132 10.682
7705.6946 10.662
7707.7759 10.644
7709.8573 10.642
7711.9387 10.651
7714.0200 10.669
7716.1014 10.671
7718.1828 10.652
7720.2641 10.626
7722.3455 10.607
7724.4268 10.605
7726.5082 10.610
7728.5896 10.618
7730.6709 10.629
7732.7523 10.646
7734.8336 10.662
7736.9150 10.667
7738.9964 10.658
7741.0777 10.648
7743.1591 10.641
7745.2405 10.625
7747.3218 10.601
7749.4032 10.584
7751.4845 10.589
7753.5659 10.602
7755.6473 10.615
7757.7286 10.616
7759.8100 10.611
7761.8914 10.596
7763.9727 10.576
7766.0541 10.565
7768.1354 10.579
7770.2168 10.592
7772.2982 10.603
7774.3795 10.609
7776.4609 10.630
7778.5423 10.644
7780.6236 10.647
7782.7050 10.634
7784.7863 10.615
7786.8677 10.599
7788.9491 10.587
7791.0304 10.581
7793.1118 10.578
7795.1932 10.585
7797.2745 10.599
7799.3559 10.618
7801.4372 10.603
7803.5186 10.588
7805.6000 10.581
7807.6813 10.586
7809.7627 10.592
7811.8440 10.588
7813.9254 10.586
7816.0068 10.592
7818.0881 10.609
7820.1695 10.619
7822.2509 10.621
7824.3322 10.615
7826.4136 10.605
7828.4949 10.603
7830.5763 10.608
7832.6577 10.620
7834.7390 10.631
7836.8204 10.626
7838.9018 10.613
7840.9831 10.598
7843.0645 10.597
7845.1458 10.590
7847.2272 10.584
7849.3086 10.579
7851.3899 10.571
7853.4713 10.558
7855.5527 10.561
7857.6340 10.573
7859.7154 10.583
7861.7967 10.585
7863.8781 10.585
7865.9595 10.584
7868.0408 10.582
7870.1222 10.589
7872.2036 10.605
7874.2849 10.625
7876.3663 10.642
7878.4476 10.638
7880.5290 10.625
7882.6104 10.611
7884.6917 10.600
7886.7731 10.607
7888.8545 10.619
7890.9358 10.631
7893.0172 10.641
7895.0985 10.639
7897.1799 10.628
7899.2613 10.624
7901.3426 10.633
7903.4240 10.666
7905.5053 10.670
7907.5867 10.655
7909.6681 10.633
7911.7494 10.644
7913.8308 10.656
7915.9122 10.653
7917.9935 10.633
7920.0749 10.606
7922.1562 10.600
7924.2376 10.608
7926.3190 10.625
7928.4003 10.637
7930.4817 10.650
7932.5631 10.660
7934.6444 10.666
7936.7258 10.666
7938.8071 10.672
7940.8885 10.679
7942.9699 10.680
7945.0512 10.665
7947.1326 10.645
7949.2140 10.626
7951.2953 10.613
7953.3767 10.608
7955.4580 10.598
7957.5394 10.586
7959.6208 10.573
7961.7021 10.565
7963.7835 10.579
7965.8649 10.596
7967.9462 10.610
7970.0276 10.616
7972.1089 10.619
7974.1903 10.627
7976.2717 10.633
7978.3530 10.636
7980.4344 10.649
7982.5158 10.661
7984.5971 10.662
7986.6785 10.651
7988.7598 10.637
7990.8412 10.619
7992.9226 10.611
7995.0039 10.614
7997.0853 10.616
7999.1666 10.621
8001.2480 10.637
8003.3294 10.659
8005.4107 10.662
8007.4921 10.672
8009.5735 10.685
8011.6548 10.695
8013.7362 10.686
8015.8175 10.669
8017.8989 10.648
8019.9803 10.624
8022.0616 10.597
8024.1430 10.583
8026.2244 10.586
8028.3057 10.602
8030.3871 10.628
8032.4684 10.640
8034.5498 10.644
8036.6312 10.644
8038.7125 10.643
8040.7939 10.634
8042.8753 10.629
8044.9566 10.633
8047.0380 10.648
8049.1193 10.673
8051.2007 10.683
8053.2821 10.679
8055.3634 10.661
8057.4448 10.663
8059.5262 10.659
8061.6075 10.648
8063.6889 10.634
8065.7702 10.649
8067.8516 10.638
8069.9330 10.615
8072.0143 10.588
8074.0957 10.586
8076.1770 10.615
8078.2584 10.649
8080.3398 10.676
8082.4211 10.682
8084.5025 10.677
8086.5839 10.670
8088.6652 10.663
8090.7466 10.647
8092.8279 10.626
8094.9093 10.601
8096.9907 10.582
8099.0720 10.592
8101.1534 10.638
8103.2348 10.664
8105.3161 10.669
8107.3975 10.665
8109.4788 10.687
8111.5602 10.704
8113.6416 10.716
8115.7229 10.729
8117.8043 10.730
8119.8857 10.725
8121.9670 10.713
8124.0484 10.690
8126.1297 10.667
8128.2111 10.673
8130.2925 10.697
8132.3738 10.726
8134.4552 10.711
8136.5366 10.698
8138.6179 10.692
8140.6993 10.698
8142.7806 10.702
8144.8620 10.700
8146.9434 10.701
8149.0247 10.710
8151.1061 10.740
8153.1875 10.763
8155.2688 10.772
8157.3502 10.767
8159.4315 10.764
8161.5129 10.748
8163.5943 10.723
8165.6756 10.700
8167.7570 10.712
8169.8383 10.740
8171.9197 10.755
8174.0011 10.761
8176.0824 10.779
8178.1638 10.796
8180.2452 10.801
8182.3265 10.800
8184.4079 10.807
8186.4892 10.808
8188.5706 10.807
8190.6520 10.804
8192.7333 10.795
8194.8147 10.783
8196.8961 10.773
8198.9774 10.763
8201.0588 10.746
8203.1401 10.729
8205.2215 10.721
8207.3029 10.712
8209.3842 10.695
8211.4656 10.679
8213.5470 10.696
8215.6283 10.736
8217.7097 10.787
8219.7910 10.799
8221.8724 10.787
8223.9538 10.770
8226.0351 10.762
8228.1165 10.774
8230.1979 10.802
8232.2792 10.819
8234.3606 10.815
8236.4419 10.800
8238.5233 10.795
8240.6047 10.784
8242.6860 10.762
8244.7674 10.751
8246.8487 10.746
8248.9301 10.738
8251.0115 10.729
8253.0928 10.738
8255.1742 10.751
8257.2556 10.760
8259.3369 10.768
8261.4183 10.784
8263.4996 10.816
8265.5810 10.833
8267.6624 10.838
8269.7437 10.851
8271.8251 10.869
8273.9065 10.880
8275.9878 10.882
8278.0692 10.874
8280.1505 10.832
8282.2319 10.800
8284.3133 10.788
8286.3946 10.804
8288.4760 10.826
8290.5574 10.828
8292.6387 10.822
8294.7201 10.821
8296.8014 10.830
8298.8828 10.838
8300.9642 10.842
8303.0455 10.840
8305.1269 10.842
8307.2083 10.830
8309.2896 10.813
8311.3710 10.799
8313.4523 10.800
8315.5337 10.809
8317.6151 10.820
8319.6964 10.827
8321.7778 10.820
8323.8592 10.812
8325.9405 10.810
8328.0219 10.813
8330.1032 10.795
8332.1846 10.767
8334.2660 10.740
8336.3473 10.717
8338.4287 10.692
8340.5100 10.681
8342.5914 10.694
8344.6728 10.725
8346.7541 10.753
8348.8355 10.740
8350.9169 10.728
8352.9982 10.728
8355.0796 10.751
8357.1609 10.725
8359.2423 10.687
8361.3237 10.647
8363.4050 10.613
8365.4864 10.660
8367.5678 10.696
8369.6491 10.714
8371.7305 10.710
8373.8118 10.705
8375.8932 10.694
8377.9746 10.679
8380.0559 10.663
8382.1373 10.646
