3128.7791 13.653
3130.8605 13.666
3132.9418 13.655
3135.0232 13.632
3137.1045 13.611
3139.1859 13.619
3141.2673 13.633
3143.3486 13.633
3145.4300 13.609
3147.5114 13.564
3149.5927 13.561
3151.6741 13.608
3153.7554 13.655
3155.8368 13.601
3157.9182 13.542
3159.9995 13.532
3162.0809 13.560
3164.1623 13.605
3166.2436 13.608
3168.3250 13.579
3170.4063 13.547
3172.4877 13.527
3174.5691 13.510
3176.6504 13.453
3178.7318 13.435
3180.8132 13.471
3182.8945 13.539
3184.9759 13.596
3187.0572 13.662
3189.1386 13.716
3191.2200 13.719
3193.3013 13.767
3195.3827 13.799
3197.4641 13.786
3199.5454 13.705
3201.6268 13.582
3203.7081 13.516
3205.7895 13.508
3207.8709 13.540
3209.9522 13.517
3212.0336 13.461
3214.1150 13.440
3216.1963 13.461
3218.2777 13.492
3220.3590 13.456
3222.4404 13.444
3224.5218 13.464
3226.6031 13.510
3228.6845 13.447
3230.7658 13.379
3232.8472 13.350
3234.9286 13.383
3237.0099 13.381
3239.0913 13.387
3241.1727 13.433
3243.2540 13.506
3245.3354 13.506
3247.4167 13.421
3249.4981 13.358
3251.5795 13.338
3253.6608 13.364
3255.7422 13.379
3257.8236 13.370
3259.9049 13.345
3261.9863 13.317
3264.0676 13.339
3266.1490 13.406
3268.2304 13.468
3270.3117 13.496
3272.3931 13.488
3274.4745 13.474
3276.5558 13.451
3278.6372 13.429
3280.7185 13.443
3282.7999 13.425
3284.8813 13.413
3286.9626 13.411
3289.0440 13.419
3291.1254 13.434
3293.2067 13.438
3295.2881 13.421
3297.3694 13.385
3299.4508 13.408
3301.5322 13.394
3303.6135 13.400
3305.6949 13.450
3307.7762 13.515
3309.8576 13.519
3311.9390 13.508
3314.0203 13.505
3316.1017 13.536
3318.1831 13.521
3320.2644 13.544
3322.3458 13.551
3324.4271 13.463
3326.5085 13.346
3328.5899 13.324
3330.6712 13.369
3332.7526 13.451
3334.8340 13.469
3336.9153 13.447
3338.9967 13.399
3341.0780 13.353
3343.1594 13.392
3345.2408 13.441
3347.3221 13.470
3349.4035 13.470
3351.4849 13.443
3353.5662 13.445
3355.6476 13.476
3357.7289 13.511
3359.8103 13.523
3361.8917 13.521
3363.9730 13.550
3366.0544 13.568
3368.1358 13.553
3370.2171 13.510
3372.2985 13.518
3374.3798 13.545
3376.4612 13.568
3378.5426 13.555
3380.6239 13.598
3382.7053 13.613
3384.7867 13.604
3386.8680 13.598
3388.9494 13.594
3391.0307 13.595
3393.1121 13.606
3395.1935 13.628
3397.2748 13.632
3399.3562 13.598
3401.4375 13.573
3403.5189 13.570
3405.6003 13.547
3407.6816 13.547
3409.7630 13.585
3411.8444 13.643
3413.9257 13.680
3416.0071 13.624
3418.0884 13.539
3420.1698 13.481
3422.2512 13.509
3424.3325 13.549
3426.4139 13.582
3428.4953 13.594
3430.5766 13.578
3432.6580 13.573
3434.7393 13.582
3436.8207 13.592
3438.9021 13.599
3440.9834 13.604
3443.0648 13.582
3445.1462 13.571
3447.2275 13.575
3449.3089 13.588
3451.3902 13.559
3453.4716 13.534
3455.5530 13.520
3457.6343 13.522
3459.7157 13.536
3461.7971 13.586
3463.8784 13.661
3465.9598 13.737
3468.0411 13.708
3470.1225 13.711
3472.2039 13.701
3474.2852 13.677
3476.3666 13.670
3478.4479 13.674
3480.5293 13.648
3482.6107 13.602
3484.6920 13.555
3486.7734 13.510
3488.8548 13.535
3490.9361 13.576
3493.0175 13.616
3495.0988 13.640
3497.1802 13.637
3499.2616 13.588
3501.3429 13.549
3503.4243 13.532
3505.5057 13.507
3507.5870 13.492
3509.6684 13.521
3511.7497 13.562
3513.8311 13.575
3515.9125 13.579
3517.9938 13.550
3520.0752 13.487
3522.1566 13.447
3524.2379 13.439
3526.3193 13.441
3528.4006 13.483
3530.4820 13.569
3532.5634 13.641
3534.6447 13.664
3536.7261 13.645
3538.8075 13.616
3540.8888 13.596
3542.9702 13.583
3545.0515 13.553
3547.1329 13.529
3549.2143 13.484
3551.2956 13.460
3553.3770 13.486
3555.4584 13.547
3557.5397 13.583
3559.6211 13.581
3561.7024 13.567
3563.7838 13.559
3565.8652 13.543
3567.9465 13.541
3570.0279 13.523
3572.1092 13.476
3574.1906 13.426
3576.2720 13.443
3578.3533 13.492
3580.4347 13.533
3582.5161 13.534
3584.5974 13.523
3586.6788 13.538
3588.7601 13.574
3590.8415 13.610
3592.9229 13.633
3595.0042 13.656
3597.0856 13.662
3599.1670 13.640
3601.2483 13.596
3603.3297 13.568
3605.4110 13.561
3607.4924 13.565
3609.5738 13.571
3611.6551 13.592
3613.7365 13.614
3615.8179 13.616
3617.8992 13.610
3619.9806 13.627
3622.0619 13.659
3624.1433 13.699
3626.2247 13.732
3628.3060 13.711
3630.3874 13.685
3632.4688 13.679
3634.5501 13.679
3636.6315 13.656
3638.7128 13.648
3640.7942 13.649
3642.8756 13.650
3644.9569 13.641
3647.0383 13.630
3649.1197 13.634
3651.2010 13.639
3653.2824 13.638
3655.3637 13.641
3657.4451 13.658
3659.5265 13.671
3661.6078 13.673
3663.6892 13.652
3665.7705 13.634
3667.8519 13.623
3669.9333 13.654
3672.0146 13.688
3674.0960 13.663
3676.1774 13.632
3678.2587 13.615
3680.3401 13.650
3682.4214 13.703
3684.5028 13.747
3686.5842 13.762
3688.6655 13.747
3690.7469 13.714
3692.8283 13.693
3694.9096 13.680
3696.9910 13.667
3699.0723 13.655
3701.1537 13.670
3703.2351 13.693
3705.3164 13.703
3707.3978 13.678
3709.4792 13.658
3711.5605 13.667
3713.6419 13.689
3715.7232 13.699
3717.8046 13.706
3719.8860 13.716
3721.9673 13.727
3724.0487 13.726
3726.1301 13.687
3728.2114 13.623
3730.2928 13.576
3732.3741 13.570
3734.4555 13.611
3736.5369 13.644
3738.6182 13.670
3740.6996 13.686
3742.7809 13.711
3744.8623 13.733
3746.9437 13.746
3749.0250 13.751
3751.1064 13.751
3753.1878 13.743
3755.2691 13.733
3757.3505 13.724
3759.4318 13.716
3761.5132 13.697
3763.5946 13.672
3765.6759 13.660
3767.7573 13.668
3769.8387 13.698
3771.9200 13.726
3774.0014 13.741
3776.0827 13.749
3778.1641 13.745
3780.2455 13.718
3782.3268 13.716
3784.4082 13.724
3786.4896 13.732
3788.5709 13.732
3790.6523 13.722
3792.7336 13.722
3794.8150 13.729
3796.8964 13.738
3798.9777 13.742
3801.0591 13.743
3803.1405 13.741
3805.2218 13.741
3807.3032 13.719
3809.3845 13.725
3811.4659 13.726
3813.5473 13.714
3815.6286 13.711
3817.7100 13.766
3819.7914 13.826
3821.8727 13.828
3823.9541 13.813
3826.0354 13.813
3828.1168 13.806
3830.1982 13.786
3832.2795 13.784
3834.3609 13.756
3836.4422 13.726
3838.5236 13.705
3840.6050 13.703
3842.6863 13.734
3844.7677 13.756
3846.8491 13.764
3848.9304 13.757
3851.0118 13.778
3853.0931 13.804
3855.1745 13.808
3857.2559 13.796
3859.3372 13.765
3861.4186 13.738
3863.5000 13.724
3865.5813 13.726
3867.6627 13.740
3869.7440 13.773
3871.8254 13.796
3873.9068 13.801
3875.9881 13.787
3878.0695 13.796
3880.1509 13.823
3882.2322 13.837
3884.3136 13.828
3886.3949 13.789
3888.4763 13.763
3890.5577 13.762
3892.6390 13.769
3894.7204 13.763
3896.8018 13.757
3898.8831 13.753
3900.9645 13.754
3903.0458 13.759
3905.1272 13.782
3907.2086 13.781
3909.2899 13.786
3911.3713 13.818
3913.4526 13.854
3915.5340 13.859
3917.6154 13.847
3919.6967 13.837
3921.7781 13.845
3923.8595 13.866
3925.9408 13.880
3928.0222 13.885
3930.1035 13.870
3932.1849 13.854
3934.2663 13.844
3936.3476 13.844
3938.4290 13.853
3940.5104 13.863
3942.5917 13.868
3944.6731 13.857
3946.7544 13.830
3948.8358 13.838
3950.9172 13.871
3952.9985 13.900
3955.0799 13.904
3957.1613 13.885
3959.2426 13.885
3961.3240 13.885
3963.4053 13.882
3965.4867 13.882
3967.5681 13.891
3969.6494 13.874
3971.7308 13.841
3973.8122 13.826
3975.8935 13.818
3977.9749 13.816
3980.0562 13.809
3982.1376 13.803
3984.2190 13.804
3986.3003 13.827
3988.3817 13.845
3990.4631 13.843
3992.5444 13.824
3994.6258 13.818
3996.7071 13.815
3998.7885 13.813
4000.8699 13.813
4002.9512 13.825
4005.0326 13.843
4007.1139 13.852
4009.1953 13.846
4011.2767 13.832
4013.3580 13.831
4015.4394 13.838
4017.5208 13.851
4019.6021 13.862
4021.6835 13.874
4023.7648 13.881
4025.8462 13.887
4027.9276 13.900
4030.0089 13.898
4032.0903 13.877
4034.1717 13.851
4036.2530 13.841
4038.3344 13.843
4040.4157 13.845
4042.4971 13.837
4044.5785 13.817
4046.6598 13.817
4048.7412 13.845
4050.8226 13.874
4052.9039 13.879
4054.9853 13.865
4057.0666 13.838
4059.1480 13.823
4061.2294 13.830
4063.3107 13.866
4065.3921 13.882
4067.4735 13.883
4069.5548 13.877
4071.6362 13.885
4073.7175 13.910
4075.7989 13.919
4077.8803 13.911
4079.9616 13.902
4082.0430 13.905
4084.1243 13.919
4086.2057 13.932
4088.2871 13.942
4090.3684 13.951
4092.4498 13.966
4094.5312 13.995
4096.6125 14.025
4098.6939 14.033
4100.7752 14.016
4102.8566 13.977
4104.9380 13.932
4107.0193 13.878
4109.1007 13.849
4111.1821 13.867
4113.2634 13.892
4115.3448 13.900
4117.4261 13.894
4119.5075 13.895
4121.5889 13.890
4123.6702 13.878
4125.7516 13.882
4127.8330 13.894
4129.9143 13.900
4131.9957 13.899
4134.0770 13.889
4136.1584 13.887
4138.2398 13.900
4140.3211 13.918
4142.4025 13.927
4144.4839 13.916
4146.5652 13.897
4148.6466 13.886
4150.7279 13.883
4152.8093 13.889
4154.8907 13.887
4156.9720 13.884
4159.0534 13.880
4161.1348 13.884
4163.2161 13.887
4165.2975 13.892
4167.3788 13.897
4169.4602 13.895
4171.5416 13.880
4173.6229 13.883
4175.7043 13.891
4177.7856 13.903
4179.8670 13.920
4181.9484 13.938
4184.0297 13.955
4186.1111 13.967
4188.1925 13.974
4190.2738 13.984
4192.3552 13.999
4194.4365 14.011
4196.5179 14.001
4198.5993 13.983
4200.6806 13.964
4202.7620 13.949
4204.8434 13.943
4206.9247 13.944
4209.0061 13.940
4211.0874 13.927
4213.1688 13.919
4215.2502 13.928
4217.3315 13.947
4219.4129 13.960
4221.4943 13.964
4223.5756 13.959
4225.6570 13.948
4227.7383 13.940
4229.8197 13.934
4231.9011 13.930
4233.9824 13.937
4236.0638 13.942
4238.1452 13.943
4240.2265 13.941
4242.3079 13.944
4244.3892 13.950
4246.4706 13.952
4248.5520 13.950
4250.6333 13.943
4252.7147 13.946
4254.7961 13.953
4256.8774 13.956
4258.9588 13.960
4261.0401 13.953
4263.1215 13.939
4265.2029 13.918
4267.2842 13.896
4269.3656 13.883
4271.4469 13.877
4273.5283 13.884
4275.6097 13.899
4277.6910 13.916
4279.7724 13.927
4281.8538 13.933
4283.9351 13.927
4286.0165 13.918
4288.0978 13.922
4290.1792 13.941
4292.2606 13.959
4294.3419 13.962
4296.4233 13.939
4298.5047 13.928
4300.5860 13.928
4302.6674 13.944
4304.7487 13.943
4306.8301 13.936
4308.9115 13.935
4310.9928 13.949
4313.0742 13.975
4315.1556 13.986
4317.2369 13.987
4319.3183 13.987
4321.3996 13.980
4323.4810 13.976
4325.5624 13.999
4327.6437 14.030
4329.7251 14.039
4331.8065 14.039
4333.8878 14.051
4335.9692 14.061
4338.0505 14.063
4340.1319 14.066
4342.2133 14.060
4344.2946 14.047
4346.3760 14.026
4348.4573 14.004
4350.5387 13.984
4352.6201 13.968
4354.7014 13.957
4356.7828 13.961
4358.8642 13.978
4360.9455 13.995
4363.0269 14.009
4365.1082 14.016
4367.1896 14.013
4369.2710 13.990
4371.3523 13.952
4373.4337 13.923
4375.5151 13.936
4377.5964 13.959
4379.6778 13.969
4381.7591 13.973
4383.8405 13.971
4385.9219 13.975
4388.0032 13.975
4390.0846 13.975
4392.1660 13.990
4394.2473 14.003
4396.3287 13.994
4398.4100 13.985
4400.4914 13.991
4402.5728 14.005
4404.6541 14.019
4406.7355 14.032
4408.8169 14.032
4410.8982 14.033
4412.9796 14.043
4415.0609 14.051
4417.1423 14.041
4419.2237 14.012
4421.3050 14.002
4423.3864 14.000
4425.4678 13.998
4427.5491 13.990
4429.6305 14.006
4431.7118 14.005
4433.7932 13.993
4435.8746 13.987
4437.9559 13.999
4440.0373 14.015
4442.1186 14.024
4444.2000 14.022
4446.2814 14.018
4448.3627 14.019
4450.4441 14.018
4452.5255 14.005
4454.6068 13.976
4456.6882 13.978
4458.7695 13.988
4460.8509 13.989
4462.9323 13.976
4465.0136 13.975
4467.0950 13.983
4469.1764 14.001
4471.2577 14.022
4473.3391 14.025
4475.4204 14.021
4477.5018 14.015
4479.5832 14.005
4481.6645 13.994
4483.7459 13.992
4485.8273 14.007
4487.9086 14.022
4489.9900 14.018
4492.0713 14.026
4494.1527 14.046
4496.2341 14.073
4498.3154 14.093
4500.3968 14.111
4502.4782 14.115
4504.5595 14.109
4506.6409 14.100
4508.7222 14.075
4510.8036 14.046
4512.8850 14.035
4514.9663 14.046
4517.0477 14.080
4519.1290 14.112
4521.2104 14.121
4523.2918 14.119
4525.3731 14.117
4527.4545 14.120
4529.5359 14.128
4531.6172 14.142
4533.6986 14.159
4535.7799 14.178
4537.8613 14.176
4539.9427 14.168
4542.0240 14.158
4544.1054 14.150
4546.1868 14.141
4548.2681 14.125
4550.3495 14.107
4552.4308 14.091
4554.5122 14.073
4556.5936 14.059
4558.6749 14.057
4560.7563 14.070
4562.8377 14.082
4564.9190 14.083
4567.0004 14.077
4569.0817 14.067
4571.1631 14.058
4573.2445 14.049
4575.3258 14.044
4577.4072 14.051
4579.4886 14.075
4581.5699 14.094
4583.6513 14.102
4585.7326 14.098
4587.8140 14.091
4589.8954 14.085
4591.9767 14.088
4594.0581 14.101
4596.1395 14.121
4598.2208 14.127
4600.3022 14.130
4602.3835 14.138
4604.4649 14.158
4606.5463 14.170
4608.6276 14.162
4610.7090 14.137
4612.7903 14.113
4614.8717 14.112
4616.9531 14.122
4619.0344 14.118
4621.1158 14.104
4623.1972 14.096
4625.2785 14.091
4627.3599 14.089
4629.4412 14.090
4631.5226 14.101
4633.6040 14.122
4635.6853 14.142
4637.7667 14.147
4639.8481 14.133
4641.9294 14.119
4644.0108 14.112
4646.0921 14.101
4648.1735 14.093
4650.2549 14.108
4652.3362 14.129
4654.4176 14.142
4656.4990 14.153
4658.5803 14.165
4660.6617 14.168
4662.7430 14.166
4664.8244 14.161
4666.9058 14.166
4668.9871 14.169
4671.0685 14.161
4673.1499 14.169
4675.2312 14.200
4677.3126 14.241
4679.3939 14.280
4681.4753 14.312
4683.5567 14.327
4685.6380 14.318
4687.7194 14.276
4689.8007 14.228
4691.8821 14.191
4693.9635 14.169
4696.0448 14.171
4698.1262 14.162
4700.2076 14.150
4702.2889 14.132
4704.3703 14.112
4706.4516 14.106
4708.5330 14.115
4710.6144 14.135
4712.6957 14.150
4714.7771 14.148
4716.8585 14.151
4718.9398 14.163
4721.0212 14.183
4723.1025 14.189
4725.1839 14.183
4727.2653 14.173
4729.3466 14.162
4731.4280 14.151
4733.5094 14.144
4735.5907 14.135
4737.6721 14.125
4739.7534 14.123
4741.8348 14.145
4743.9162 14.159
4745.9975 14.164
4748.0789 14.166
4750.1603 14.173
4752.2416 14.167
4754.3230 14.168
4756.4043 14.174
4758.4857 14.160
4760.5671 14.143
4762.6484 14.139
4764.7298 14.144
4766.8112 14.143
4768.8925 14.134
4770.9739 14.127
4773.0552 14.124
4775.1366 14.115
4777.2180 14.124
4779.2993 14.138
4781.3807 14.156
4783.4620 14.184
4785.5434 14.204
4787.6248 14.193
4789.7061 14.167
4791.7875 14.143
4793.8689 14.140
4795.9502 14.155
4798.0316 14.170
4800.1129 14.180
4802.1943 14.179
4804.2757 14.183
4806.3570 14.186
4808.4384 14.186
4810.5198 14.187
4812.6011 14.186
4814.6825 14.182
4816.7638 14.176
4818.8452 14.175
4820.9266 14.178
4823.0079 14.184
4825.0893 14.186
4827.1707 14.179
4829.2520 14.163
4831.3334 14.164
4833.4147 14.176
4835.4961 14.200
4837.5775 14.230
4839.6588 14.242
4841.7402 14.238
4843.8216 14.240
4845.9029 14.256
4847.9843 14.272
4850.0656 14.272
4852.1470 14.276
4854.2284 14.297
4856.3097 14.338
4858.3911 14.370
4860.4725 14.376
4862.5538 14.354
4864.6352 14.317
4866.7165 14.282
4868.7979 14.256
4870.8793 14.241
4872.9606 14.227
4875.0420 14.228
4877.1233 14.243
4879.2047 14.248
4881.2861 14.224
4883.3674 14.180
4885.4488 14.159
4887.5302 14.165
4889.6115 14.184
4891.6929 14.192
4893.7742 14.182
4895.8556 14.167
4897.9370 14.164
4900.0183 14.180
4902.0997 14.190
4904.1811 14.181
4906.2624 14.164
4908.3438 14.156
4910.4251 14.159
4912.5065 14.168
4914.5879 14.182
4916.6692 14.199
4918.7506 14.229
4920.8320 14.235
4922.9133 14.217
4924.9947 14.193
4927.0760 14.194
4929.1574 14.212
4931.2388 14.226
4933.3201 14.229
4935.4015 14.220
4937.4829 14.218
4939.5642 14.225
4941.6456 14.234
4943.7269 14.253
4945.8083 14.270
4947.8897 14.276
4949.9710 14.258
4952.0524 14.221
4954.1337 14.178
4956.2151 14.159
4958.2965 14.165
4960.3778 14.193
4962.4592 14.217
4964.5406 14.219
4966.6219 14.221
4968.7033 14.221
4970.7846 14.213
4972.8660 14.201
4974.9474 14.216
4977.0287 14.234
4979.1101 14.232
4981.1915 14.217
4983.2728 14.211
4985.3542 14.223
4987.4355 14.255
4989.5169 14.265
4991.5983 14.257
4993.6796 14.245
4995.7610 14.235
4997.8424 14.232
4999.9237 14.244
5002.0051 14.254
5004.0864 14.263
5006.1678 14.261
5008.2492 14.256
5010.3305 14.252
5012.4119 14.259
5014.4933 14.267
5016.5746 14.281
5018.6560 14.275
5020.7373 14.251
5022.8187 14.231
5024.9001 14.248
5026.9814 14.262
5029.0628 14.253
5031.1442 14.242
5033.2255 14.247
5035.3069 14.241
5037.3882 14.241
5039.4696 14.249
5041.5510 14.262
5043.6323 14.273
5045.7137 14.273
5047.7950 14.265
5049.8764 14.259
5051.9578 14.293
5054.0391 14.313
5056.1205 14.296
5058.2019 14.268
5060.2832 14.262
5062.3646 14.254
5064.4459 14.259
5066.5273 14.273
5068.6087 14.286
5070.6900 14.281
5072.7714 14.290
5074.8528 14.317
5076.9341 14.352
5079.0155 14.337
5081.0968 14.291
5083.1782 14.259
5085.2596 14.277
5087.3409 14.298
5089.4223 14.298
5091.5037 14.304
5093.5850 14.322
5095.6664 14.340
5097.7477 14.330
5099.8291 14.308
5101.9105 14.294
5103.9918 14.301
5106.0732 14.312
5108.1546 14.312
5110.2359 14.308
5112.3173 14.310
5114.3986 14.306
5116.4800 14.292
5118.5614 14.272
5120.6427 14.260
5122.7241 14.288
5124.8054 14.299
5126.8868 14.310
5128.9682 14.326
5131.0495 14.340
5133.1309 14.323
5135.2123 14.305
5137.2936 14.301
5139.3750 14.330
5141.4563 14.345
5143.5377 14.342
5145.6191 14.337
5147.7004 14.331
5149.7818 14.307
5151.8632 14.301
5153.9445 14.316
5156.0259 14.332
5158.1072 14.323
5160.1886 14.294
5162.2700 14.272
5164.3513 14.272
5166.4327 14.277
5168.5141 14.284
5170.5954 14.290
5172.6768 14.293
5174.7581 14.296
5176.8395 14.282
5178.9209 14.283
5181.0022 14.290
5183.0836 14.307
5185.1650 14.319
5187.2463 14.300
5189.3277 14.285
5191.4090 14.282
5193.4904 14.292
5195.5718 14.311
5197.6531 14.341
5199.7345 14.359
5201.8159 14.358
5203.8972 14.334
5205.9786 14.308
5208.0599 14.289
5210.1413 14.282
5212.2227 14.292
5214.3040 14.305
5216.3854 14.310
5218.4667 14.303
5220.5481 14.302
5222.6295 14.306
5224.7108 14.305
5226.7922 14.299
5228.8736 14.317
5230.9549 14.324
5233.0363 14.329
5235.1176 14.325
5237.1990 14.312
5239.2804 14.295
5241.3617 14.293
5243.4431 14.298
5245.5245 14.299
5247.6058 14.298
5249.6872 14.301
5251.7685 14.313
5253.8499 14.337
5255.9313 14.337
5258.0126 14.341
5260.0940 14.353
5262.1754 14.370
5264.2567 14.378
5266.3381 14.365
5268.4194 14.356
5270.5008 14.360
5272.5822 14.366
5274.6635 14.361
5276.7449 14.345
5278.8263 14.326
5280.9076 14.287
5282.9890 14.277
5285.0703 14.264
5287.1517 14.262
5289.2331 14.275
5291.3144 14.294
5293.3958 14.339
5295.4772 14.396
5297.5585 14.448
5299.6399 14.466
5301.7212 14.438
5303.8026 14.407
5305.8840 14.380
5307.9653 14.359
5310.0467 14.328
5312.1280 14.313
5314.2094 14.315
5316.2908 14.329
5318.3721 14.323
5320.4535 14.298
5322.5349 14.302
5324.6162 14.342
5326.6976 14.385
5328.7789 14.371
5330.8603 14.349
5332.9417 14.333
5335.0230 14.331
5337.1044 14.346
5339.1858 14.378
5341.2671 14.401
5343.3485 14.393
5345.4298 14.385
5347.5112 14.386
5349.5926 14.375
5351.6739 14.348
5353.7553 14.331
5355.8367 14.332
5357.9180 14.338
5359.9994 14.346
5362.0807 14.350
5364.1621 14.324
5366.2435 14.295
5368.3248 14.277
5370.4062 14.279
5372.4876 14.307
5374.5689 14.310
5376.6503 14.314
5378.7316 14.336
5380.8130 14.377
5382.8944 14.396
5384.9757 14.392
5387.0571 14.370
5389.1384 14.352
5391.2198 14.364
5393.3012 14.375
5395.3825 14.376
5397.4639 14.366
5399.5453 14.354
5401.6266 14.350
5403.7080 14.357
5405.7893 14.378
5407.8707 14.468
5409.9521 14.497
5412.0334 14.480
5414.1148 14.432
5416.1962 14.404
5418.2775 14.409
5420.3589 14.426
5422.4402 14.437
5424.5216 14.412
5426.6030 14.406
5428.6843 14.393
5430.7657 14.376
5432.8471 14.363
5434.9284 14.389
5437.0098 14.431
5439.0911 14.472
5441.1725 14.490
5443.2539 14.427
5445.3352 14.402
5447.4166 14.385
5449.4980 14.365
5451.5793 14.348
5453.6607 14.353
5455.7420 14.368
5457.8234 14.372
5459.9048 14.321
5461.9861 14.285
5464.0675 14.293
5466.1489 14.337
5468.2302 14.404
5470.3116 14.449
5472.3929 14.461
5474.4743 14.472
5476.5557 14.494
5478.6370 14.443
5480.7184 14.399
5482.7997 14.392
5484.8811 14.416
5486.9625 14.396
5489.0438 14.381
5491.1252 14.387
5493.2066 14.413
5495.2879 14.454
5497.3693 14.453
5499.4506 14.450
5501.5320 14.437
5503.6134 14.405
5505.6947 14.350
5507.7761 14.332
5509.8575 14.322
5511.9388 14.311
5514.0202 14.333
5516.1015 14.373
5518.1829 14.384
5520.2643 14.357
5522.3456 14.304
5524.4270 14.327
5526.5084 14.391
5528.5897 14.455
5530.6711 14.454
5532.7524 14.432
5534.8338 14.408
5536.9152 14.385
5538.9965 14.369
5541.0779 14.369
5543.1593 14.405
5545.2406 14.429
5547.3220 14.418
5549.4033 14.383
5551.4847 14.357
5553.5661 14.312
5555.6474 14.257
5557.7288 14.238
5559.8101 14.253
5561.8915 14.289
5563.9729 14.326
5566.0542 14.344
5568.1356 14.358
5570.2170 14.341
5572.2983 14.339
5574.3797 14.375
5576.4610 14.574
5578.5424 14.548
5580.6238 14.464
5582.7051 14.402
5584.7865 14.441
5586.8679 14.448
5588.9492 14.399
5591.0306 14.346
5593.1119 14.327
5595.1933 14.344
5597.2747 14.355
5599.3560 14.369
5601.4374 14.368
5603.5188 14.369
5605.6001 14.371
5607.6815 14.393
5609.7628 14.408
5611.8442 14.394
5613.9256 14.368
5616.0069 14.376
5618.0883 14.398
5620.1697 14.428
5622.2510 14.400
5624.3324 14.364
5626.4137 14.352
5628.4951 14.346
5630.5765 14.376
5632.6578 14.383
5634.7392 14.386
5636.8206 14.380
5638.9019 14.427
5640.9833 14.426
5643.0646 14.392
5645.1460 14.336
5647.2274 14.299
5649.3087 14.288
5651.3901 14.295
5653.4714 14.306
5655.5528 14.290
5657.6342 14.310
5659.7155 14.320
5661.7969 14.337
5663.8783 14.375
5665.9596 14.391
5668.0410 14.379
5670.1223 14.369
5672.2037 14.380
5674.2851 14.366
5676.3664 14.349
5678.4478 14.331
5680.5292 14.317
5682.6105 14.329
5684.6919 14.400
5686.7732 14.459
5688.8546 14.489
5690.9360 14.471
5693.0173 14.449
5695.0987 14.444
5697.1801 14.447
5699.2614 14.423
5701.3428 14.400
5703.4241 14.404
5705.5055 14.433
5707.5869 14.466
5709.6682 14.479
5711.7496 14.487
5713.8310 14.475
5715.9123 14.444
5717.9937 14.426
5720.0750 14.418
5722.1564 14.417
5724.2378 14.418
5726.3191 14.438
5728.4005 14.465
5730.4818 14.491
5732.5632 14.496
5734.6446 14.493
5736.7259 14.485
5738.8073 14.485
5740.8887 14.477
5742.9700 14.450
5745.0514 14.410
5747.1327 14.400
5749.2141 14.400
5751.2955 14.398
5753.3768 14.401
5755.4582 14.404
5757.5396 14.394
5759.6209 14.379
5761.7023 14.359
5763.7836 14.354
5765.8650 14.381
5767.9464 14.436
5770.0277 14.481
5772.1091 14.505
5774.1905 14.500
5776.2718 14.471
5778.3532 14.420
5780.4345 14.382
5782.5159 14.400
5784.5973 14.400
5786.6786 14.397
5788.7600 14.410
5790.8414 14.447
5792.9227 14.483
5795.0041 14.510
5797.0854 14.525
5799.1668 14.555
5801.2482 14.570
5803.3295 14.565
5805.4109 14.501
5807.4923 14.442
5809.5736 14.385
5811.6550 14.393
5813.7363 14.414
5815.8177 14.436
5817.8991 14.424
5819.9804 14.445
5822.0618 14.470
5824.1431 14.468
5826.2245 14.456
5828.3059 14.467
5830.3872 14.467
5832.4686 14.457
5834.5500 14.462
5836.6313 14.475
5838.7127 14.477
5840.7940 14.465
5842.8754 14.450
5844.9568 14.468
5847.0381 14.458
5849.1195 14.430
5851.2009 14.391
5853.2822 14.380
5855.3636 14.419
5857.4449 14.482
5859.5263 14.549
5861.6077 14.543
5863.6890 14.508
5865.7704 14.468
5867.8518 14.444
5869.9331 14.419
5872.0145 14.410
5874.0958 14.429
5876.1772 14.463
5878.2586 14.473
5880.3399 14.454
5882.4213 14.447
5884.5027 14.463
5886.5840 14.513
5888.6654 14.483
5890.7467 14.455
5892.8281 14.429
5894.9095 14.394
5896.9908 14.431
5899.0722 14.439
5901.1536 14.412
5903.2349 14.359
5905.3163 14.388
5907.3976 14.410
5909.4790 14.432
5911.5604 14.456
5913.6417 14.460
5915.7231 14.498
5917.8044 14.547
5919.8858 14.585
5921.9672 14.547
5924.0485 14.492
5926.1299 14.460
5928.2113 14.470
5930.2926 14.504
5932.3740 14.506
5934.4553 14.508
5936.5367 14.522
5938.6181 14.538
5940.6994 14.565
5942.7808 14.599
5944.8622 14.628
5946.9435 14.604
5949.0249 14.595
5951.1062 14.571
5953.1876 14.530
5955.2690 14.478
5957.3503 14.501
5959.4317 14.536
5961.5131 14.553
5963.5944 14.510
5965.6758 14.472
5967.7571 14.425
5969.8385 14.392
5971.9199 14.408
5974.0012 14.409
5976.0826 14.417
5978.1640 14.448
5980.2453 14.523
5982.3267 14.597
5984.4080 14.607
5986.4894 14.592
5988.5708 14.593
5990.6521 14.629
5992.7335 14.628
5994.8148 14.616
5996.8962 14.616
5998.9776 14.603
6001.0589 14.571
6003.1403 14.560
6005.2217 14.588
6007.3030 14.593
6009.3844 14.573
6011.4657 14.548
6013.5471 14.524
6015.6285 14.488
6017.7098 14.444
6019.7912 14.416
6021.8726 14.419
6023.9539 14.490
6026.0353 14.563
6028.1166 14.566
6030.1980 14.505
6032.2794 14.492
6034.3607 14.557
6036.4421 14.606
6038.5235 14.611
6040.6048 14.539
6042.6862 14.517
6044.7675 14.504
6046.8489 14.498
6048.9303 14.512
6051.0116 14.569
6053.0930 14.634
6055.1744 14.681
6057.2557 14.671
6059.3371 14.597
6061.4184 14.553
6063.4998 14.540
6065.5812 14.557
6067.6625 14.588
6069.7439 14.612
6071.8253 14.626
6073.9066 14.626
6075.9880 14.632
6078.0693 14.636
6080.1507 14.653
6082.2321 14.690
6084.3134 14.663
6086.3948 14.618
6088.4761 14.587
6090.5575 14.594
6092.6389 14.644
6094.7202 14.629
6096.8016 14.581
6098.8830 14.525
6100.9643 14.538
6103.0457 14.587
6105.1270 14.622
6107.2084 14.624
6109.2898 14.600
6111.3711 14.577
6113.4525 14.564
6115.5339 14.559
6117.6152 14.555
6119.6966 14.531
6121.7779 14.507
6123.8593 14.496
6125.9407 14.521
6128.0220 14.602
6130.1034 14.672
6132.1848 14.711
6134.2661 14.700
6136.3475 14.648
6138.4288 14.593
6140.5102 14.550
6142.5916 14.540
6144.6729 14.541
6146.7543 14.507
6148.8357 14.469
6150.9170 14.473
6152.9984 14.505
6155.0797 14.506
6157.1611 14.480
6159.2425 14.432
6161.3238 14.466
6163.4052 14.532
6165.4865 14.591
6167.5679 14.612
6169.6493 14.616
6171.7306 14.669
6173.8120 14.704
6175.8934 14.684
6177.9747 14.664
6180.0561 14.660
6182.1374 14.654
6184.2188 14.634
6186.3002 14.594
6188.3815 14.564
6190.4629 14.563
6192.5443 14.594
6194.6256 14.641
6196.7070 14.652
6198.7883 14.630
6200.8697 14.588
6202.9511 14.572
6205.0324 14.549
6207.1138 14.531
6209.1952 14.535
6211.2765 14.592
6213.3579 14.651
6215.4392 14.668
6217.5206 14.654
6219.6020 14.644
6221.6833 14.663
6223.7647 14.692
6225.8461 14.706
6227.9274 14.669
6230.0088 14.632
6232.0901 14.639
6234.1715 14.664
6236.2529 14.676
6238.3342 14.745
6240.4156 14.811
6242.4970 14.847
6244.5783 14.832
6246.6597 14.790
6248.7410 14.750
6250.8224 14.716
6252.9038 14.690
6254.9851 14.646
6257.0665 14.632
6259.1478 14.647
6261.2292 14.683
6263.3106 14.660
6265.3919 14.683
6267.4733 14.704
6269.5547 14.699
6271.6360 14.656
6273.7174 14.618
6275.7987 14.602
6277.8801 14.615
6279.9615 14.671
6282.0428 14.698
6284.1242 14.683
6286.2056 14.631
6288.2869 14.570
6290.3683 14.562
6292.4496 14.545
6294.5310 14.524
6296.6124 14.549
6298.6937 14.590
6300.7751 14.617
6302.8565 14.621
6304.9378 14.586
6307.0192 14.582
6309.1005 14.588
6311.1819 14.594
6313.2633 14.589
6315.3446 14.575
6317.4260 14.552
6319.5074 14.517
6321.5887 14.469
6323.6701 14.481
6325.7514 14.522
6327.8328 14.572
6329.9142 14.610
6331.9955 14.664
6334.0769 14.710
6336.1583 14.745
6338.2396 14.765
6340.3210 14.767
6342.4023 14.788
6344.4837 14.816
6346.5651 14.834
6348.6464 14.742
6350.7278 14.641
6352.8091 14.575
6354.8905 14.566
6356.9719 14.605
6359.0532 14.599
6361.1346 14.586
6363.2160 14.580
6365.2973 14.605
6367.3787 14.626
6369.4600 14.632
6371.5414 14.624
6373.6228 14.620
6375.7041 14.601
6377.7855 14.634
6379.8669 14.716
6381.9482 14.814
6384.0296 14.808
6386.1109 14.797
6388.1923 14.776
6390.2737 14.711
6392.3550 14.661
6394.4364 14.643
6396.5178 14.646
6398.5991 14.652
6400.6805 14.616
6402.7618 14.589
6404.8432 14.566
6406.9246 14.540
6409.0059 14.542
6411.0873 14.586
6413.1687 14.634
6415.2500 14.654
6417.3314 14.669
6419.4127 14.689
6421.4941 14.704
6423.5755 14.709
6425.6568 14.705
6427.7382 14.685
6429.8195 14.681
6431.9009 14.707
6433.9823 14.734
6436.0636 14.716
6438.1450 14.698
6440.2264 14.695
6442.3077 14.674
6444.3891 14.661
6446.4704 14.680
6448.5518 14.736
6450.6332 14.804
6452.7145 14.817
6454.7959 14.825
6456.8773 14.834
6458.9586 14.828
6461.0400 14.818
6463.1213 14.815
6465.2027 14.798
6467.2841 14.722
6469.3654 14.715
6471.4468 14.707
6473.5282 14.679
6475.6095 14.611
6477.6909 14.708
6479.7722 14.742
6481.8536 14.724
6483.9350 14.694
6486.0163 14.748
6488.0977 14.805
6490.1791 14.837
6492.2604 14.818
6494.3418 14.772
6496.4231 14.735
6498.5045 14.707
6500.5859 14.694
6502.6672 14.734
6504.7486 14.757
6506.8300 14.760
6508.9113 14.746
6510.9927 14.739
6513.0740 14.735
6515.1554 14.745
6517.2368 14.767
6519.3181 14.735
6521.3995 14.680
6523.4808 14.638
6525.5622 14.623
6527.6436 14.636
6529.7249 14.677
6531.8063 14.730
6533.8877 14.791
6535.9690 14.855
6538.0504 14.936
6540.1317 14.989
6542.2131 14.992
6544.2945 14.908
6546.3758 14.856
6548.4572 14.850
6550.5386 14.866
6552.6199 14.844
6554.7013 14.816
6556.7826 14.797
6558.8640 14.785
6560.9454 14.777
6563.0267 14.786
6565.1081 14.770
6567.1895 14.757
6569.2708 14.795
6571.3522 14.843
6573.4335 14.821
6575.5149 14.773
6577.5963 14.750
6579.6776 14.719
6581.7590 14.702
6583.8404 14.704
6585.9217 14.728
6588.0031 14.765
6590.0844 14.788
6592.1658 14.779
6594.2472 14.730
6596.3285 14.667
6598.4099 14.653
6600.4912 14.638
6602.5726 14.606
6604.6540 14.614
6606.7353 14.648
6608.8167 14.680
6610.8981 14.693
6612.9794 14.656
6615.0608 14.610
6617.1421 14.567
6619.2235 14.539
6621.3049 14.556
6623.3862 14.606
6625.4676 14.606
6627.5490 14.571
6629.6303 14.596
6631.7117 14.682
6633.7930 14.715
6635.8744 14.698
6637.9558 14.678
6640.0371 14.714
6642.1185 14.741
6644.1999 14.740
6646.2812 14.687
6648.3626 14.642
6650.4439 14.623
6652.5253 14.618
6654.6067 14.607
6656.6880 14.570
6658.7694 14.581
6660.8508 14.608
6662.9321 14.617
6665.0135 14.617
6667.0948 14.659
6669.1762 14.739
6671.2576 14.847
6673.3389 14.886
6675.4203 14.864
6677.5017 14.810
6679.5830 14.748
6681.6644 14.713
6683.7457 14.694
6685.8271 14.681
6687.9085 14.669
6689.9898 14.644
6692.0712 14.632
6694.1525 14.657
6696.2339 14.709
6698.3153 14.684
6700.3966 14.668
6702.4780 14.677
6704.5594 14.708
6706.6407 14.731
6708.7221 14.778
6710.8034 14.828
6712.8848 14.872
6714.9662 14.897
6717.0475 14.880
6719.1289 14.801
6721.2103 14.706
6723.2916 14.705
6725.3730 14.737
6727.4543 14.724
6729.5357 14.693
6731.6171 14.703
6733.6984 14.659
6735.7798 14.628
6737.8612 14.622
6739.9425 14.652
6742.0239 14.651
6744.1052 14.637
6746.1866 14.645
6748.2680 14.714
6750.3493 14.837
6752.4307 14.876
6754.5121 14.856
6756.5934 14.801
6758.6748 14.777
6760.7561 14.774
6762.8375 14.761
6764.9189 14.716
6767.0002 14.631
6769.0816 14.579
6771.1629 14.563
6773.2443 14.584
6775.3257 14.641
6777.4070 14.652
6779.4884 14.666
6781.5698 14.702
6783.6511 14.773
6785.7325 14.821
6787.8138 14.805
6789.8952 14.727
6791.9766 14.647
6794.0579 14.588
6796.1393 14.571
6798.2207 14.606
6800.3020 14.717
6802.3834 14.777
6804.4647 14.817
6806.5461 14.844
6808.6275 14.868
6810.7088 14.832
6812.7902 14.767
6814.8716 14.687
6816.9529 14.615
6819.0343 14.589
6821.1156 14.612
6823.1970 14.674
6825.2784 14.764
6827.3597 14.889
6829.4411 14.925
6831.5225 14.875
6833.6038 14.749
6835.6852 14.793
6837.7665 14.835
6839.8479 14.870
6841.9293 14.897
6844.0106 14.938
6846.0920 14.933
6848.1734 14.912
6850.2547 14.894
6852.3361 14.904
6854.4174 14.909
6856.4988 14.926
6858.5802 14.981
6860.6615 15.190
6862.7429 15.251
6864.8242 15.145
6866.9056 14.915
6868.9870 14.799
6871.0683 14.772
6873.1497 14.785
6875.2311 14.814
6877.3124 14.821
6879.3938 14.824
6881.4751 14.857
6883.5565 14.902
6885.6379 14.889
6887.7192 14.811
6889.8006 14.753
6891.8820 14.736
6893.9633 14.777
6896.0447 14.835
6898.1260 14.879
6900.2074 14.916
6902.2888 14.965
6904.3701 14.997
6906.4515 14.977
6908.5329 14.930
6910.6142 14.883
6912.6956 14.885
6914.7769 14.920
6916.8583 14.951
6918.9397 14.941
6921.0210 14.830
6923.1024 14.737
6925.1838 14.682
6927.2651 14.673
6929.3465 14.629
6931.4278 14.659
6933.5092 14.775
6935.5906 14.957
6937.6719 14.957
6939.7533 14.972
6941.8347 14.973
6943.9160 14.942
6945.9974 14.837
6948.0787 14.759
6950.1601 14.732
6952.2415 14.748
6954.3228 14.741
6956.4042 14.699
6958.4855 14.639
6960.5669 14.588
6962.6483 14.620
6964.7296 14.607
6966.8110 14.581
6968.8924 14.572
6970.9737 14.644
6973.0551 14.638
6975.1364 14.634
6977.2178 14.643
6979.2992 14.667
6981.3805 14.690
6983.4619 14.748
6985.5433 14.802
6987.6246 14.790
6989.7060 14.724
6991.7873 14.689
6993.8687 14.685
6995.9501 14.709
6998.0314 14.718
7000.1128 14.750
7002.1942 14.805
7004.2755 14.880
7006.3569 14.949
7008.4382 14.945
7010.5196 14.883
7012.6010 14.777
7014.6823 14.659
7016.7637 14.562
7018.8451 14.502
7020.9264 14.492
7023.0078 14.564
7025.0891 14.627
7027.1705 14.621
7029.2519 14.543
7031.3332 14.523
7033.4146 14.558
7035.4959 14.595
7037.5773 14.619
7039.6587 14.630
7041.7400 14.625
7043.8214 14.644
7045.9028 14.691
7047.9841 14.748
7050.0655 14.735
7052.1468 14.772
7054.2282 14.841
7056.3096 14.855
7058.3909 14.821
7060.4723 14.814
7062.5537 14.841
7064.6350 14.893
7066.7164 14.923
7068.7977 14.929
7070.8791 14.931
7072.9605 14.958
7075.0418 15.008
7077.1232 15.006
7079.2046 14.954
7081.2859 14.862
7083.3673 14.818
7085.4486 14.814
7087.5300 14.841
7089.6114 14.888
7091.6927 14.929
7093.7741 14.936
7095.8555 14.916
7097.9368 14.876
7100.0182 14.860
7102.0995 14.877
7104.1809 14.896
7106.2623 14.895
7108.3436 14.858
7110.4250 14.738
7112.5064 14.618
7114.5877 14.544
7116.6691 14.571
7118.7504 14.594
7120.8318 14.591
7122.9132 14.575
7124.9945 14.633
7127.0759 14.761
7129.1572 14.842
7131.2386 14.853
7133.3200 14.810
7135.4013 14.760
7137.4827 14.743
7139.5641 14.779
7141.6454 14.893
7143.7268 14.891
7145.8081 14.845
7147.8895 14.773
7149.9709 14.690
7152.0522 14.599
7154.1336 14.580
7156.2150 14.641
7158.2963 14.783
7160.3777 14.855
7162.4590 14.831
7164.5404 14.770
7166.6218 14.733
7168.7031 14.704
7170.7845 14.696
7172.8659 14.721
7174.9472 14.788
7177.0286 14.961
7179.1099 15.012
7181.1913 14.968
7183.2727 14.857
7185.3540 14.830
7187.4354 14.879
7189.5168 14.954
7191.5981 15.017
7193.6795 14.968
7195.7608 14.883
7197.8422 14.868
7199.9236 14.935
7202.0049 14.929
7204.0863 14.915
7206.1676 14.918
7208.2490 14.921
7210.3304 14.829
7212.4117 14.790
7214.4931 14.781
7216.5745 14.790
7218.6558 14.801
7220.7372 14.816
7222.8185 14.853
7224.8999 14.901
7226.9813 14.923
7229.0626 14.910
7231.1440 14.906
7233.2254 14.896
7235.3067 14.845
7237.3881 14.879
7239.4694 14.909
7241.5508 14.890
7243.6322 14.767
7245.7135 14.807
7247.7949 14.983
7249.8763 15.223
7251.9576 15.450
7254.0390 15.325
7256.1203 15.221
7258.2017 15.120
7260.2831 15.014
7262.3644 15.015
7264.4458 15.095
7266.5272 15.145
7268.6085 15.110
7270.6899 15.153
7272.7712 15.160
7274.8526 15.128
7276.9340 15.069
7279.0153 15.080
7281.0967 14.924
7283.1781 14.811
7285.2594 14.820
7287.3408 14.946
7289.4221 14.894
7291.5035 14.805
7293.5849 14.735
7295.6662 14.751
7297.7476 14.769
7299.8289 14.752
7301.9103 14.729
7303.9917 14.813
7306.0730 14.938
7308.1544 14.981
7310.2358 14.927
7312.3171 14.780
7314.3985 14.770
7316.4798 14.782
7318.5612 14.786
7320.6426 14.750
7322.7239 14.724
7324.8053 14.796
7326.8867 14.930
7328.9680 15.072
7331.0494 15.022
7333.1307 14.934
7335.2121 14.881
7337.2935 14.934
7339.3748 14.794
7341.4562 14.691
7343.5376 14.662
7345.6189 14.734
7347.7003 14.819
7349.7816 14.746
7351.8630 14.617
7353.9444 14.503
7356.0257 14.498
7358.1071 14.572
7360.1885 14.685
7362.2698 14.811
7364.3512 14.908
7366.4325 14.925
7368.5139 14.896
7370.5953 14.846
7372.6766 14.840
7374.7580 14.842
7376.8394 14.858
7378.9207 14.881
7381.0021 14.874
7383.0834 14.796
7385.1648 14.767
7387.2462 14.811
7389.3275 14.916
7391.4089 14.981
7393.4902 14.972
7395.5716 14.907
7397.6530 14.834
7399.7343 14.941
7401.8157 15.176
7403.8971 15.445
7405.9784 15.602
7408.0598 15.331
7410.1411 15.080
7412.2225 14.886
7414.3039 14.767
7416.3852 14.693
7418.4666 14.645
7420.5480 14.669
7422.6293 14.807
7424.7107 14.976
7426.7920 15.087
7428.8734 15.139
7430.9548 15.123
7433.0361 14.849
7435.1175 14.680
7437.1989 14.615
7439.2802 14.650
7441.3616 14.715
7443.4429 14.744
7445.5243 14.786
7447.6057 14.850
7449.6870 14.844
7451.7684 14.792
7453.8498 14.782
7455.9311 14.805
7458.0125 14.661
7460.0938 14.563
7462.1752 14.539
7464.2566 14.592
7466.3379 14.701
7468.4193 14.911
7470.5006 15.136
7472.5820 15.314
7474.6634 15.325
7476.7447 15.233
7478.8261 15.185
7480.9075 15.144
7482.9888 14.986
7485.0702 14.801
7487.1515 14.721
7489.2329 14.792
7491.3143 15.069
7493.3956 15.087
7495.4770 14.986
7497.5584 14.833
7499.6397 14.704
7501.7211 14.651
7503.8024 14.636
7505.8838 14.656
7507.9652 14.709
7510.0465 14.754
7512.1279 14.760
7514.2093 14.736
7516.2906 14.699
7518.3720 14.779
7520.4533 14.876
7522.5347 14.939
7524.6161 14.938
7526.6974 14.881
7528.7788 14.861
7530.8602 14.882
7532.9415 14.938
7535.0229 14.981
7537.1042 14.984
7539.1856 15.011
7541.2670 15.099
7543.3483 15.320
7545.4297 15.317
7547.5111 15.181
7549.5924 14.992
7551.6738 14.942
7553.7551 14.872
7555.8365 14.821
7557.9179 14.814
7559.9992 14.891
7562.0806 14.979
7564.1619 14.981
7566.2433 14.949
7568.3247 15.015
7570.4060 14.967
7572.4874 14.854
7574.5688 14.737
7576.6501 14.709
7578.7315 14.813
7580.8128 14.923
7582.8942 15.018
7584.9756 15.079
7587.0569 15.132
7589.1383 15.232
7591.2197 15.317
7593.3010 15.334
7595.3824 15.571
7597.4637 16.241
7599.5451 17.245
7601.6265 18.347
7603.7078 17.028
7605.7892 16.454
7607.8706 16.142
7609.9519 15.822
7612.0333 15.519
7614.1146 15.450
7616.1960 15.553
7618.2774 15.766
7620.3587 15.859
7622.4401 15.771
7624.5215 15.643
7626.6028 15.526
7628.6842 15.443
7630.7655 15.398
7632.8469 15.363
7634.9283 15.324
7637.0096 15.252
7639.0910 15.165
7641.1723 15.148
7643.2537 15.238
7645.3351 15.499
7647.4164 15.465
7649.4978 15.237
7651.5792 14.967
7653.6605 14.922
7655.7419 14.792
7657.8232 14.784
7659.9046 14.901
7661.9860 15.126
7664.0673 15.246
7666.1487 15.361
7668.2301 15.387
7670.3114 15.225
7672.3928 15.082
7674.4741 15.015
7676.5555 14.980
7678.6369 14.936
7680.7182 14.931
7682.7996 14.812
7684.8810 14.700
7686.9623 14.695
7689.0437 14.962
7691.1250 15.245
7693.2064 15.374
7695.2878 15.269
7697.3691 15.051
7699.4505 14.868
7701.5319 14.747
7703.6132 14.703
7705.6946 14.764
7707.7759 14.738
7709.8573 14.707
7711.9387 14.708
7714.0200 14.789
7716.1014 14.814
7718.1828 14.722
7720.2641 14.608
7722.3455 14.822
7724.4268 15.124
7726.5082 15.173
7728.5896 14.960
7730.6709 14.599
7732.7523 14.480
7734.8336 14.427
7736.9150 14.422
7738.9964 14.476
7741.0777 14.640
7743.1591 14.800
7745.2405 14.874
7747.3218 14.756
7749.4032 14.831
7751.4845 14.857
7753.5659 14.810
7755.6473 14.673
7757.7286 14.644
7759.8100 14.601
7761.8914 14.579
7763.9727 14.614
7766.0541 14.826
7768.1354 14.965
7770.2168 14.922
7772.2982 14.659
7774.3795 14.650
7776.4609 14.612
7778.5423 14.526
7780.6236 14.398
7782.7050 14.384
7784.7863 14.538
7786.8677 14.621
7788.9491 14.584
7791.0304 14.703
7793.1118 14.952
7795.1932 15.096
7797.2745 15.052
7799.3559 14.772
7801.4372 14.754
7803.5186 14.724
7805.6000 14.618
7807.6813 14.430
7809.7627 14.335
7811.8440 14.367
7813.9254 14.515
7816.0068 14.742
7818.0881 14.625
7820.1695 14.620
7822.2509 14.798
7824.3322 15.191
7826.4136 15.136
7828.4949 15.040
7830.5763 14.980
7832.6577 15.023
7834.7390 14.971
7836.8204 14.859
7838.9018 14.769
7840.9831 14.789
7843.0645 14.964
7845.1458 14.925
7847.2272 14.780
7849.3086 14.628
7851.3899 14.552
7853.4713 14.577
7855.5527 14.813
7857.6340 15.262
7859.7154 15.030
7861.7967 14.697
7863.8781 14.508
7865.9595 14.588
7868.0408 14.929
7870.1222 14.931
7872.2036 14.694
7874.2849 14.366
7876.3663 14.537
7878.4476 15.192
7880.5290 15.779
7882.6104 15.993
7884.6917 15.283
7886.7731 15.038
7888.8545 15.190
7890.9358 15.564
7893.0172 15.682
7895.0985 15.317
7897.1799 15.035
7899.2613 14.857
7901.3426 14.634
7903.4240 14.728
7905.5053 14.805
7907.5867 14.840
7909.6681 14.854
7911.7494 15.125
7913.8308 15.028
7915.9122 14.772
7917.9935 14.686
7920.0749 14.701
7922.1562 14.715
7924.2376 14.782
7926.3190 14.964
7928.4003 15.397
7930.4817 15.550
7932.5631 15.566
7934.6444 15.553
7936.7258 15.228
7938.8071 14.947
7940.8885 14.774
7942.9699 14.730
7945.0512 14.553
7947.1326 14.511
7949.2140 14.460
7951.2953 14.348
7953.3767 14.307
7955.4580 14.442
7957.5394 14.623
7959.6208 14.781
7961.7021 14.808
7963.7835 15.017
7965.8649 15.266
7967.9462 15.434
7970.0276 15.225
7972.1089 15.155
7974.1903 15.155
7976.2717 15.106
7978.3530 14.712
7980.4344 14.530
7982.5158 14.478
7984.5971 14.532
7986.6785 14.672
7988.7598 14.816
7990.8412 14.909
7992.9226 14.957
7995.0039 14.983
7997.0853 14.858
7999.1666 14.748
8001.2480 14.671
8003.3294 14.635
8005.4107 14.785
8007.4921 14.926
8009.5735 15.040
8011.6548 15.112
8013.7362 15.152
8015.8175 15.001
8017.8989 14.846
8019.9803 14.847
8022.0616 15.152
8024.1430 15.482
8026.2244 15.575
8028.3057 15.334
8030.3871 15.478
8032.4684 15.704
8034.5498 15.643
8036.6312 15.198
8038.7125 14.945
8040.7939 14.938
8042.8753 15.015
8044.9566 15.081
8047.0380 14.956
8049.1193 14.932
8051.2007 14.868
8053.2821 14.733
8055.3634 14.554
8057.4448 14.499
8059.5262 14.575
8061.6075 14.775
8063.6889 15.078
8065.7702 15.165
8067.8516 15.135
8069.9330 15.013
8072.0143 14.814
8074.0957 14.631
8076.1770 14.577
8078.2584 14.620
8080.3398 14.690
8082.4211 14.703
8084.5025 14.905
8086.5839 15.273
8088.6652 15.764
8090.7466 15.648
8092.8279 15.272
8094.9093 14.887
8096.9907 14.736
8099.0720 14.677
8101.1534 14.592
8103.2348 14.500
8105.3161 14.428
8107.3975 14.599
8109.4788 14.917
8111.5602 15.054
8113.6416 14.869
8115.7229 14.946
8117.8043 14.964
8119.8857 14.941
8121.9670 14.907
8124.0484 15.013
8126.1297 15.322
8128.2111 15.425
8130.2925 15.220
8132.3738 14.902
8134.4552 14.946
8136.5366 15.218
8138.6179 15.574
8140.6993 15.638
8142.7806 15.393
8144.8620 15.176
8146.9434 15.024
8149.0247 14.856
8151.1061 14.847
8153.1875 14.881
8155.2688 14.936
8157.3502 14.998
8159.4315 14.862
8161.5129 14.846
8163.5943 14.964
8165.6756 15.194
8167.7570 15.195
8169.8383 15.312
8171.9197 15.520
8174.0011 15.769
8176.0824 17.419
8178.1638 18.200
8180.2452 17.918
8182.3265 16.475
8184.4079 15.901
8186.4892 15.662
8188.5706 15.518
8190.6520 15.312
8192.7333 15.407
8194.8147 15.343
8196.8961 15.240
8198.9774 15.200
8201.0588 15.520
8203.1401 15.724
8205.2215 15.614
8207.3029 15.191
8209.3842 15.043
8211.4656 14.871
8213.5470 14.685
8215.6283 14.520
8217.7097 14.525
8219.7910 14.592
8221.8724 14.774
8223.9538 15.165
8226.0351 16.046
8228.1165 16.003
8230.1979 15.433
8232.2792 14.694
8234.3606 14.497
8236.4419 14.580
8238.5233 14.850
8240.6047 15.173
8242.6860 15.310
8244.7674 15.178
8246.8487 15.233
8248.9301 15.469
8251.0115 15.828
8253.0928 15.396
8255.1742 14.976
8257.2556 14.678
8259.3369 14.594
8261.4183 14.674
8263.4996 15.161
8265.5810 15.926
8267.6624 16.821
8269.7437 17.032
8271.8251 16.969
8273.9065 16.776
8275.9878 16.623
8278.0692 17.431
8280.1505 17.653
8282.2319 17.404
8284.3133 16.839
8286.3946 16.765
8288.4760 16.788
8290.5574 16.418
8292.6387 15.620
8294.7201 15.479
8296.8014 16.140
8298.8828 16.840
8300.9642 17.070
8303.0455 15.700
8305.1269 15.203
8307.2083 15.023
8309.2896 15.049
8311.3710 15.369
8313.4523 15.990
8315.5337 16.155
8317.6151 15.784
8319.6964 15.007
8321.7778 14.886
8323.8592 15.035
8325.9405 15.330
8328.0219 15.628
8330.1032 15.707
8332.1846 15.506
8334.2660 15.118
8336.3473 14.680
8338.4287 14.519
8340.5100 14.526
8342.5914 14.630
8344.6728 14.756
8346.7541 14.953
8348.8355 14.960
8350.9169 14.815
8352.9982 14.565
8355.0796 14.446
8357.1609 14.639
8359.2423 14.923
8361.3237 15.119
8363.4050 14.951
8365.4864 14.719
8367.5678 14.570
8369.6491 14.593
8371.7305 14.870
8373.8118 15.193
8375.8932 15.813
8377.9746 16.828
8380.0559 18.165
8382.1373 18.438
8384.2187 18.598
