2703.8508  0.000
2705.6495  0.000
2707.4483  0.000
2709.2470  0.000
2711.0458  0.001
2712.8445 14.573
2714.6433 14.573
2716.4420 14.582
2718.2408 14.593
2720.0395 14.616
2721.8383 14.640
2723.6370 14.661
2725.4358 14.687
2727.2345 14.720
2729.0333 14.754
2730.8320 14.791
2732.6308 14.820
2734.4295 14.829
2736.2283 14.820
2738.0270 14.794
2739.8258 14.759
2741.6245 14.728
2743.4233 14.691
2745.2220 14.669
2747.0208 14.666
2748.8195 14.689
2750.6183 14.760
2752.4170 14.872
2754.2157 15.006
2756.0145 15.144
2757.8132 15.208
2759.6120 15.185
2761.4107 15.139
2763.2095 15.092
2765.0082 15.090
2766.8070 15.145
2768.6057 15.218
2770.4045 15.277
2772.2032 15.296
2774.0020 15.241
2775.8007 15.169
2777.5995 15.096
2779.3982 15.040
2781.1970 15.005
2782.9957 14.982
2784.7945 14.970
2786.5932 14.958
2788.3920 14.965
2790.1907 14.978
2791.9895 14.994
2793.7882 15.003
2795.5870 14.977
2797.3857 14.949
2799.1844 14.922
2800.9832 14.928
2802.7819 14.977
2804.5807 15.053
2806.3794 15.127
2808.1782 15.154
2809.9769 15.114
2811.7757 15.042
2813.5744 14.986
2815.3732 14.981
2817.1719 15.046
2818.9707 15.146
2820.7694 15.236
2822.5682 15.272
2824.3669 15.245
2826.1657 15.189
2827.9644 15.143
2829.7632 15.120
2831.5619 15.117
2833.3607 15.119
2835.1594 15.124
2836.9582 15.141
2838.7569 15.174
2840.5557 15.216
2842.3544 15.249
2844.1532 15.254
2845.9519 15.240
2847.7506 15.230
2849.5494 15.240
2851.3481 15.276
2853.1469 15.314
2854.9456 15.334
2856.7444 15.327
2858.5431 15.303
2860.3419 15.289
2862.1406 15.296
2863.9394 15.337
2865.7381 15.395
2867.5369 15.446
2869.3356 15.467
2871.1344 15.452
2872.9331 15.420
2874.7319 15.390
2876.5306 15.368
2878.3294 15.360
2880.1281 15.362
2881.9269 15.377
2883.7256 15.416
2885.5244 15.461
2887.3231 15.506
2889.1219 15.516
2890.9206 15.494
2892.7194 15.467
2894.5181 15.449
2896.3168 15.470
2898.1156 15.496
2899.9143 15.512
2901.7131 15.500
2903.5118 15.470
2905.3106 15.453
2907.1093 15.463
2908.9081 15.493
2910.7068 15.523
2912.5056 15.528
2914.3043 15.505
2916.1031 15.479
2917.9018 15.472
2919.7006 15.498
2921.4993 15.545
2923.2981 15.596
2925.0968 15.642
2926.8956 15.684
2928.6943 15.719
2930.4931 15.749
2932.2918 15.763
2934.0906 15.756
2935.8893 15.719
2937.6881 15.651
2939.4868 15.571
2941.2855 15.505
2943.0843 15.476
2944.8830 15.493
2946.6818 15.539
2948.4805 15.600
2950.2793 15.663
2952.0780 15.713
2953.8768 15.718
2955.6755 15.679
2957.4743 15.617
2959.2730 15.563
2961.0718 15.548
2962.8705 15.559
2964.6693 15.559
2966.4680 15.544
2968.2668 15.522
2970.0655 15.509
2971.8643 15.520
2973.6630 15.545
2975.4618 15.572
2977.2605 15.588
2979.0593 15.589
2980.8580 15.584
2982.6568 15.585
2984.4555 15.585
2986.2543 15.580
2988.0530 15.575
2989.8517 15.582
2991.6505 15.618
2993.4492 15.683
2995.2480 15.727
2997.0467 15.704
2998.8455 15.622
3000.6442 15.544
3002.4430 15.536
3004.2417 15.596
3006.0405 15.650
3007.8392 15.645
3009.6380 15.608
3011.4367 15.586
3013.2355 15.608
3015.0342 15.668
3016.8330 15.733
3018.6317 15.765
3020.4305 15.765
3022.2292 15.745
3024.0280 15.707
3025.8267 15.647
3027.6255 15.578
3029.4242 15.536
3031.2230 15.545
3033.0217 15.607
3034.8205 15.691
3036.6192 15.739
3038.4179 15.725
3040.2167 15.684
3042.0154 15.640
3043.8142 15.611
3045.6129 15.612
3047.4117 15.642
3049.2104 15.677
3051.0092 15.693
3052.8079 15.719
3054.6067 15.772
3056.4054 15.796
3058.2042 15.756
3060.0029 15.703
3061.8017 15.716
3063.6004 15.772
3065.3992 15.784
3067.1979 15.735
3068.9967 15.688
3070.7954 15.694
3072.5942 15.738
3074.3929 15.779
3076.1917 15.801
3077.9904 15.794
3079.7892 15.759
3081.5879 15.709
3083.3866 15.680
3085.1854 15.689
3086.9841 15.715
3088.7829 15.717
3090.5816 15.682
3092.3804 15.648
3094.1791 15.663
3095.9779 15.702
3097.7766 15.687
3099.5754 15.633
3101.3741 15.619
3103.1729 15.664
3104.9716 15.692
3106.7704 15.657
3108.5691 15.609
3110.3679 15.583
3112.1666 15.573
3113.9654 15.564
3115.7641 15.552
3117.5629 15.612
3119.3616 15.672
3121.1604 15.706
3122.9591 15.709
3124.7579 15.711
3126.5566 15.707
3128.3554 15.676
3130.1541 15.674
3131.9528 15.724
3133.7516 15.759
3135.5503 15.760
3137.3491 15.780
3139.1478 15.810
3140.9466 15.786
3142.7453 15.705
3144.5441 15.651
3146.3428 15.672
3148.1416 15.738
3149.9403 15.808
3151.7391 15.851
3153.5378 15.853
3155.3366 15.837
3157.1353 15.822
3158.9341 15.818
3160.7328 15.780
3162.5316 15.733
3164.3303 15.757
3166.1291 15.789
3167.9278 15.756
3169.7266 15.737
3171.5253 15.789
3173.3241 15.807
3175.1228 15.810
3176.9216 15.858
3178.7203 15.900
3180.5190 15.866
3182.3178 15.801
3184.1165 15.788
3185.9153 15.804
3187.7140 15.821
3189.5128 15.828
3191.3115 15.837
3193.1103 15.830
3194.9090 15.829
3196.7078 15.847
3198.5065 15.886
3200.3053 15.894
3202.1040 15.853
3203.9028 15.822
3205.7015 15.830
3207.5003 15.806
3209.2990 15.758
3211.0978 15.780
3212.8965 15.834
3214.6953 15.830
3216.4940 15.801
3218.2928 15.779
3220.0915 15.778
3221.8903 15.803
3223.6890 15.816
3225.4877 15.803
3227.2865 15.806
3229.0852 15.826
3230.8840 15.790
3232.6827 15.754
3234.4815 15.786
3236.2802 15.851
3238.0790 15.850
3239.8777 15.814
3241.6765 15.820
3243.4752 15.863
3245.2740 15.868
3247.0727 15.807
3248.8715 15.760
3250.6702 15.747
3252.4690 15.781
3254.2677 15.814
3256.0665 15.831
3257.8652 15.850
3259.6640 15.811
3261.4627 15.742
3263.2615 15.782
3265.0602 15.827
3266.8590 15.826
3268.6577 15.834
3270.4565 15.838
3272.2552 15.788
3274.0539 15.789
3275.8527 15.824
3277.6514 15.838
3279.4502 15.843
3281.2489 15.834
3283.0477 15.811
3284.8464 15.822
3286.6452 15.849
3288.4439 15.840
3290.2427 15.784
3292.0414 15.738
3293.8402 15.760
3295.6389 15.771
3297.4377 15.769
3299.2364 15.768
3301.0352 15.808
3302.8339 15.855
3304.6327 15.858
3306.4314 15.787
3308.2302 15.753
3310.0289 15.773
3311.8277 15.813
3313.6264 15.829
3315.4252 15.819
3317.2239 15.804
3319.0227 15.801
3320.8214 15.832
3322.6201 15.864
3324.4189 15.846
3326.2176 15.850
3328.0164 15.846
3329.8151 15.811
3331.6139 15.819
3333.4126 15.838
3335.2114 15.796
3337.0101 15.784
3338.8089 15.790
3340.6076 15.809
3342.4064 15.845
3344.2051 15.834
3346.0039 15.801
3347.8026 15.819
3349.6014 15.850
3351.4001 15.879
3353.1989 15.897
3354.9976 15.880
3356.7964 15.836
3358.5951 15.857
3360.3939 15.854
3362.1926 15.889
3363.9914 15.920
3365.7901 15.882
3367.5888 15.846
3369.3876 15.879
3371.1863 15.896
3372.9851 15.838
3374.7838 15.812
3376.5826 15.835
3378.3813 15.841
3380.1801 15.859
3381.9788 15.807
3383.7776 15.815
3385.5763 15.841
3387.3751 15.832
3389.1738 15.853
3390.9726 15.896
3392.7713 15.863
3394.5701 15.864
3396.3688 15.830
3398.1676 15.797
3399.9663 15.800
3401.7651 15.807
3403.5638 15.855
3405.3626 15.894
3407.1613 15.884
3408.9601 15.882
3410.7588 15.889
3412.5576 15.853
3414.3563 15.866
3416.1550 15.827
3417.9538 15.822
3419.7525 15.870
3421.5513 15.899
3423.3500 15.882
3425.1488 15.845
3426.9475 15.891
3428.7463 15.899
3430.5450 15.929
3432.3438 15.957
3434.1425 15.931
3435.9413 15.862
3437.7400 15.892
3439.5388 15.900
3441.3375 15.887
3443.1363 15.893
3444.9350 15.861
3446.7338 15.882
3448.5325 15.889
3450.3313 15.915
3452.1300 15.966
3453.9288 15.934
3455.7275 15.864
3457.5263 15.855
3459.3250 15.894
3461.1238 15.943
3462.9225 15.962
3464.7212 15.936
3466.5200 15.914
3468.3187 15.917
3470.1175 15.889
3471.9162 15.874
3473.7150 15.884
3475.5137 15.904
3477.3125 15.885
3479.1112 15.862
3480.9100 15.953
3482.7087 15.934
3484.5075 15.900
3486.3062 15.903
3488.1050 15.897
3489.9037 15.908
3491.7025 15.912
3493.5012 15.903
3495.3000 15.958
3497.0987 15.967
3498.8975 15.930
3500.6962 15.906
3502.4950 15.905
3504.2937 15.945
3506.0925 15.928
3507.8912 15.924
3509.6899 15.922
3511.4887 15.916
3513.2874 15.949
3515.0862 15.898
3516.8849 15.881
3518.6837 15.917
3520.4824 15.932
3522.2812 15.961
3524.0799 16.009
3525.8787 15.964
3527.6774 15.915
3529.4762 15.949
3531.2749 16.009
3533.0737 16.025
3534.8724 15.978
3536.6712 15.980
3538.4699 15.991
3540.2687 15.965
3542.0674 15.950
3543.8662 15.987
3545.6649 16.040
3547.4637 16.037
3549.2624 16.011
3551.0612 15.972
3552.8599 15.945
3554.6587 15.942
3556.4574 15.985
3558.2561 16.014
3560.0549 15.980
3561.8536 15.946
3563.6524 15.943
3565.4511 15.974
3567.2499 15.996
3569.0486 15.997
3570.8474 15.976
3572.6461 15.972
3574.4449 15.994
3576.2436 16.007
3578.0424 15.995
3579.8411 15.954
3581.6399 15.952
3583.4386 15.961
3585.2374 15.975
3587.0361 15.994
3588.8349 15.981
3590.6336 15.971
3592.4324 16.007
3594.2311 16.001
3596.0299 15.984
3597.8286 15.973
3599.6274 15.971
3601.4261 15.980
3603.2249 16.001
3605.0236 15.979
3606.8223 15.986
3608.6211 16.017
3610.4198 16.048
3612.2186 16.025
3614.0173 16.010
3615.8161 15.983
3617.6148 15.995
3619.4136 16.026
3621.2123 16.039
3623.0111 16.015
3624.8098 16.002
3626.6086 16.048
3628.4073 16.002
3630.2061 15.951
3632.0048 15.979
3633.8036 16.026
3635.6023 16.047
3637.4011 16.041
3639.1998 16.058
3640.9986 16.031
3642.7973 16.023
3644.5961 16.054
3646.3948 15.975
3648.1936 15.989
3649.9923 16.065
3651.7910 16.027
3653.5898 16.013
3655.3885 16.046
3657.1873 16.046
3658.9860 16.086
3660.7848 16.094
3662.5835 16.063
3664.3823 16.031
3666.1810 16.073
3667.9798 16.089
3669.7785 16.015
3671.5773 15.953
3673.3760 15.987
3675.1748 16.018
3676.9735 16.030
3678.7723 16.027
3680.5710 16.042
3682.3698 16.041
3684.1685 16.063
3685.9673 16.089
3687.7660 16.032
3689.5648 16.006
3691.3635 16.026
3693.1623 16.033
3694.9610 16.065
3696.7598 16.049
3698.5585 16.039
3700.3572 16.038
3702.1560 16.025
3703.9547 16.038
3705.7535 16.068
3707.5522 16.072
3709.3510 16.051
3711.1497 16.050
3712.9485 16.010
3714.7472 16.004
3716.5460 16.041
3718.3447 16.075
3720.1435 16.091
3721.9422 16.074
3723.7410 16.108
3725.5397 16.104
3727.3385 16.075
3729.1372 16.058
3730.9360 16.037
3732.7347 16.027
3734.5335 16.041
3736.3322 16.083
3738.1310 16.077
3739.9297 16.086
3741.7285 16.072
3743.5272 16.012
3745.3259 16.033
3747.1247 16.099
3748.9234 16.098
3750.7222 16.116
3752.5209 16.124
3754.3197 16.132
3756.1184 16.115
3757.9172 16.113
3759.7159 16.125
3761.5147 16.118
3763.3134 16.108
3765.1122 16.115
3766.9109 16.119
3768.7097 16.076
3770.5084 16.073
3772.3072 16.125
3774.1059 16.148
3775.9047 16.134
3777.7034 16.143
3779.5022 16.159
3781.3009 16.167
3783.0997 16.138
3784.8984 16.120
3786.6972 16.134
3788.4959 16.125
3790.2947 16.096
3792.0934 16.147
3793.8921 16.153
3795.6909 16.139
3797.4896 16.145
3799.2884 16.160
3801.0871 16.148
3802.8859 16.166
3804.6846 16.150
3806.4834 16.157
3808.2821 16.144
3810.0809 16.127
3811.8796 16.142
3813.6784 16.163
3815.4771 16.166
3817.2759 16.194
3819.0746 16.205
3820.8734 16.167
3822.6721 16.165
3824.4709 16.172
3826.2696 16.177
3828.0684 16.148
3829.8671 16.142
3831.6659 16.144
3833.4646 16.158
3835.2634 16.177
3837.0621 16.199
3838.8609 16.191
3840.6596 16.144
3842.4583 16.147
3844.2571 16.161
3846.0558 16.124
3847.8546 16.161
3849.6533 16.193
3851.4521 16.192
3853.2508 16.188
3855.0496 16.170
3856.8483 16.173
3858.6471 16.162
3860.4458 16.144
3862.2446 16.179
3864.0433 16.206
3865.8421 16.192
3867.6408 16.174
3869.4396 16.200
3871.2383 16.196
3873.0371 16.188
3874.8358 16.194
3876.6346 16.182
3878.4333 16.215
3880.2321 16.219
3882.0308 16.236
3883.8296 16.210
3885.6283 16.163
3887.4270 16.183
3889.2258 16.253
3891.0245 16.230
3892.8233 16.212
3894.6220 16.216
3896.4208 16.219
3898.2195 16.225
3900.0183 16.248
3901.8170 16.255
3903.6158 16.215
3905.4145 16.205
3907.2133 16.224
3909.0120 16.233
3910.8108 16.218
3912.6095 16.243
3914.4083 16.231
3916.2070 16.179
3918.0058 16.186
3919.8045 16.227
3921.6033 16.219
3923.4020 16.214
3925.2008 16.223
3926.9995 16.188
3928.7983 16.185
3930.5970 16.208
3932.3958 16.191
3934.1945 16.210
3935.9932 16.210
3937.7920 16.194
3939.5907 16.212
3941.3895 16.261
3943.1882 16.257
3944.9870 16.232
3946.7857 16.225
3948.5845 16.228
3950.3832 16.221
3952.1820 16.199
3953.9807 16.211
3955.7795 16.243
3957.5782 16.248
3959.3770 16.236
3961.1757 16.225
3962.9745 16.252
3964.7732 16.291
3966.5720 16.282
3968.3707 16.267
3970.1695 16.201
3971.9682 16.198
3973.7670 16.231
3975.5657 16.225
3977.3645 16.252
3979.1632 16.272
3980.9620 16.246
3982.7607 16.207
3984.5594 16.223
3986.3582 16.260
3988.1569 16.231
3989.9557 16.231
3991.7544 16.213
3993.5532 16.228
3995.3519 16.236
3997.1507 16.215
3998.9494 16.227
4000.7482 16.219
4002.5469 16.242
4004.3457 16.249
4006.1444 16.231
4007.9432 16.230
4009.7419 16.237
4011.5407 16.199
4013.3394 16.168
4015.1382 16.146
4016.9369 16.177
4018.7357 16.222
4020.5344 16.233
4022.3332 16.268
4024.1319 16.212
4025.9307 16.180
4027.7294 16.182
4029.5281 16.224
4031.3269 16.256
4033.1256 16.187
4034.9244 16.243
4036.7231 16.226
4038.5219 16.202
4040.3206 16.208
4042.1194 16.177
4043.9181 16.193
4045.7169 16.193
4047.5156 16.201
4049.3144 16.219
4051.1131 16.227
4052.9119 16.235
4054.7106 16.205
4056.5094 16.189
4058.3081 16.188
4060.1069 16.218
4061.9056 16.226
4063.7044 16.224
4065.5031 16.267
4067.3019 16.244
4069.1006 16.233
4070.8994 16.247
4072.6981 16.255
4074.4969 16.269
4076.2956 16.296
4078.0943 16.298
4079.8931 16.302
4081.6918 16.293
4083.4906 16.271
4085.2893 16.265
4087.0881 16.295
4088.8868 16.332
4090.6856 16.318
4092.4843 16.326
4094.2831 16.322
4096.0818 16.320
4097.8806 16.335
4099.6793 16.315
4101.4781 16.311
4103.2768 16.318
4105.0756 16.331
4106.8743 16.345
4108.6731 16.333
4110.4718 16.300
4112.2706 16.332
4114.0693 16.362
4115.8681 16.335
4117.6668 16.310
4119.4656 16.307
4121.2643 16.313
4123.0631 16.348
4124.8618 16.330
4126.6605 16.301
4128.4593 16.294
4130.2580 16.260
4132.0568 16.256
4133.8555 16.269
4135.6543 16.240
4137.4530 16.251
4139.2518 16.280
4141.0505 16.270
4142.8493 16.267
4144.6480 16.273
4146.4468 16.313
4148.2455 16.313
4150.0443 16.277
4151.8430 16.261
4153.6418 16.277
4155.4405 16.249
4157.2393 16.298
4159.0380 16.342
4160.8368 16.293
4162.6355 16.266
4164.4343 16.311
4166.2330 16.292
4168.0318 16.254
4169.8305 16.265
4171.6292 16.294
4173.4280 16.282
4175.2267 16.259
4177.0255 16.226
4178.8242 16.261
4180.6230 16.303
4182.4217 16.287
4184.2205 16.274
4186.0192 16.259
4187.8180 16.261
4189.6167 16.258
4191.4155 16.242
4193.2142 16.251
4195.0130 16.278
4196.8117 16.282
4198.6105 16.283
4200.4092 16.241
4202.2080 16.263
4204.0067 16.286
4205.8055 16.269
4207.6042 16.257
4209.4030 16.298
4211.2017 16.280
4213.0005 16.265
4214.7992 16.268
4216.5980 16.299
4218.3967 16.321
4220.1954 16.312
4221.9942 16.306
4223.7929 16.288
4225.5917 16.309
4227.3904 16.317
4229.1892 16.300
4230.9879 16.337
4232.7867 16.305
4234.5854 16.291
4236.3842 16.329
4238.1829 16.337
4239.9817 16.317
4241.7804 16.333
4243.5792 16.354
4245.3779 16.314
4247.1767 16.321
4248.9754 16.360
4250.7742 16.353
4252.5729 16.342
4254.3717 16.338
4256.1704 16.331
4257.9692 16.340
4259.7679 16.371
4261.5667 16.371
4263.3654 16.360
4265.1642 16.383
4266.9629 16.363
4268.7616 16.335
4270.5604 16.349
4272.3591 16.358
4274.1579 16.363
4275.9566 16.361
4277.7554 16.311
4279.5541 16.319
4281.3529 16.306
4283.1516 16.305
4284.9504 16.362
4286.7491 16.404
4288.5479 16.362
4290.3466 16.341
4292.1454 16.336
4293.9441 16.312
4295.7429 16.347
4297.5416 16.386
4299.3404 16.407
4301.1391 16.380
4302.9379 16.358
4304.7366 16.386
4306.5354 16.387
4308.3341 16.369
4310.1329 16.397
4311.9316 16.396
4313.7303 16.439
4315.5291 16.468
4317.3278 16.417
4319.1266 16.452
4320.9253 16.437
4322.7241 16.404
4324.5228 16.409
4326.3216 16.457
4328.1203 16.460
4329.9191 16.498
4331.7178 16.518
4333.5166 16.479
4335.3153 16.452
4337.1141 16.478
4338.9128 16.518
4340.7116 16.515
4342.5103 16.584
4344.3091 16.591
4346.1078 16.503
4347.9066 16.443
4349.7053 16.429
4351.5041 16.449
4353.3028 16.466
4355.1016 16.438
4356.9003 16.409
4358.6991 16.389
4360.4978 16.387
4362.2965 16.414
4364.0953 16.468
4365.8940 16.478
4367.6928 16.484
4369.4915 16.496
4371.2903 16.523
4373.0890 16.523
4374.8878 16.540
4376.6865 16.556
4378.4853 16.564
4380.2840 16.581
4382.0828 16.579
4383.8815 16.571
4385.6803 16.559
4387.4790 16.544
4389.2778 16.510
4391.0765 16.477
4392.8753 16.504
4394.6740 16.543
4396.4728 16.522
4398.2715 16.482
4400.0703 16.462
4401.8690 16.468
4403.6678 16.480
4405.4665 16.478
4407.2653 16.511
4409.0640 16.541
4410.8627 16.519
4412.6615 16.486
4414.4602 16.450
4416.2590 16.441
4418.0577 16.456
4419.8565 16.485
4421.6552 16.476
4423.4540 16.441
4425.2527 16.421
4427.0515 16.413
4428.8502 16.400
4430.6490 16.462
4432.4477 16.520
4434.2465 16.516
4436.0452 16.506
4437.8440 16.502
4439.6427 16.496
4441.4415 16.474
4443.2402 16.477
4445.0390 16.487
4446.8377 16.470
4448.6365 16.479
4450.4352 16.494
4452.2340 16.511
4454.0327 16.518
4455.8314 16.496
4457.6302 16.478
4459.4289 16.475
4461.2277 16.477
4463.0264 16.457
4464.8252 16.475
4466.6239 16.478
4468.4227 16.480
4470.2214 16.500
4472.0202 16.511
4473.8189 16.504
4475.6177 16.474
4477.4164 16.456
4479.2152 16.450
4481.0139 16.471
4482.8127 16.511
4484.6114 16.526
4486.4102 16.516
4488.2089 16.518
4490.0077 16.502
4491.8064 16.497
4493.6052 16.475
4495.4039 16.443
4497.2027 16.475
4499.0014 16.500
4500.8002 16.494
4502.5989 16.493
4504.3976 16.485
4506.1964 16.505
4507.9951 16.549
4509.7939 16.508
4511.5926 16.477
4513.3914 16.458
4515.1901 16.424
4516.9889 16.434
4518.7876 16.470
4520.5864 16.476
4522.3851 16.460
4524.1839 16.491
4525.9826 16.533
4527.7814 16.516
4529.5801 16.514
4531.3789 16.536
4533.1776 16.541
4534.9764 16.511
4536.7751 16.499
4538.5739 16.506
4540.3726 16.500
4542.1714 16.499
4543.9701 16.499
4545.7689 16.480
4547.5676 16.466
4549.3664 16.457
4551.1651 16.470
4552.9638 16.496
4554.7626 16.474
4556.5613 16.462
4558.3601 16.462
4560.1588 16.463
4561.9576 16.498
4563.7563 16.541
4565.5551 16.533
4567.3538 16.490
4569.1526 16.513
4570.9513 16.547
4572.7501 16.502
4574.5488 16.471
4576.3476 16.498
4578.1463 16.512
4579.9451 16.533
4581.7438 16.546
4583.5426 16.555
4585.3413 16.557
4587.1401 16.534
4588.9388 16.524
4590.7376 16.552
4592.5363 16.538
4594.3351 16.474
4596.1338 16.451
4597.9325 16.460
4599.7313 16.495
4601.5300 16.540
4603.3288 16.517
4605.1275 16.468
4606.9263 16.471
4608.7250 16.483
4610.5238 16.514
4612.3225 16.578
4614.1213 16.565
4615.9200 16.518
4617.7188 16.501
4619.5175 16.515
4621.3163 16.533
4623.1150 16.540
4624.9138 16.589
4626.7125 16.637
4628.5113 16.593
4630.3100 16.538
4632.1088 16.560
4633.9075 16.591
4635.7063 16.631
4637.5050 16.621
4639.3038 16.533
4641.1025 16.497
4642.9013 16.523
4644.7000 16.514
4646.4987 16.518
4648.2975 16.514
4650.0962 16.472
4651.8950 16.480
4653.6937 16.529
4655.4925 16.550
4657.2912 16.570
4659.0900 16.549
4660.8887 16.520
4662.6875 16.546
4664.4862 16.573
4666.2850 16.599
4668.0837 16.624
4669.8825 16.598
4671.6812 16.576
4673.4800 16.573
4675.2787 16.561
4677.0775 16.595
4678.8762 16.596
4680.6750 16.560
4682.4737 16.547
4684.2725 16.556
4686.0712 16.552
4687.8700 16.562
4689.6687 16.577
4691.4675 16.616
4693.2662 16.648
4695.0649 16.651
4696.8637 16.628
4698.6624 16.598
4700.4612 16.586
4702.2599 16.593
4704.0587 16.631
4705.8574 16.646
4707.6562 16.602
4709.4549 16.586
4711.2537 16.578
4713.0524 16.574
4714.8512 16.602
4716.6499 16.625
4718.4487 16.584
4720.2474 16.591
4722.0462 16.611
4723.8449 16.618
4725.6437 16.631
4727.4424 16.611
4729.2412 16.565
4731.0399 16.594
4732.8387 16.634
4734.6374 16.635
4736.4362 16.651
4738.2349 16.678
4740.0336 16.693
4741.8324 16.672
4743.6311 16.649
4745.4299 16.590
4747.2286 16.532
4749.0274 16.586
4750.8261 16.618
4752.6249 16.627
4754.4236 16.632
4756.2224 16.642
4758.0211 16.654
4759.8199 16.659
4761.6186 16.666
4763.4174 16.627
4765.2161 16.588
4767.0149 16.587
4768.8136 16.627
4770.6124 16.680
4772.4111 16.673
4774.2099 16.636
4776.0086 16.634
4777.8074 16.607
4779.6061 16.606
4781.4049 16.640
4783.2036 16.655
4785.0024 16.639
4786.8011 16.655
4788.5998 16.652
4790.3986 16.659
4792.1973 16.688
4793.9961 16.683
4795.7948 16.669
4797.5936 16.649
4799.3923 16.629
4801.1911 16.646
4802.9898 16.672
4804.7886 16.666
4806.5873 16.635
4808.3861 16.628
4810.1848 16.632
4811.9836 16.689
4813.7823 16.728
4815.5811 16.704
4817.3798 16.699
4819.1786 16.708
4820.9773 16.706
4822.7761 16.699
4824.5748 16.694
4826.3736 16.675
4828.1723 16.670
4829.9711 16.700
4831.7698 16.692
4833.5686 16.673
4835.3673 16.673
4837.1660 16.687
4838.9648 16.712
4840.7635 16.695
4842.5623 16.721
4844.3610 16.716
4846.1598 16.693
4847.9585 16.702
4849.7573 16.715
4851.5560 16.760
4853.3548 16.751
4855.1535 16.757
4856.9523 16.790
4858.7510 16.817
4860.5498 16.834
4862.3485 16.822
4864.1473 16.849
4865.9460 16.850
4867.7448 16.836
4869.5435 16.837
4871.3423 16.816
4873.1410 16.803
4874.9398 16.760
4876.7385 16.773
4878.5373 16.784
4880.3360 16.753
4882.1347 16.761
4883.9335 16.746
4885.7322 16.731
4887.5310 16.733
4889.3297 16.717
4891.1285 16.698
4892.9272 16.705
4894.7260 16.695
4896.5247 16.713
4898.3235 16.720
4900.1222 16.710
4901.9210 16.696
4903.7197 16.698
4905.5185 16.710
4907.3172 16.712
4909.1160 16.707
4910.9147 16.710
4912.7135 16.707
4914.5122 16.712
4916.3110 16.689
4918.1097 16.701
4919.9085 16.704
4921.7072 16.664
4923.5060 16.637
4925.3047 16.651
4927.1035 16.676
4928.9022 16.668
4930.7009 16.647
4932.4997 16.651
4934.2984 16.638
4936.0972 16.623
4937.8959 16.655
4939.6947 16.664
4941.4934 16.655
4943.2922 16.664
4945.0909 16.705
4946.8897 16.725
4948.6884 16.663
4950.4872 16.630
4952.2859 16.630
4954.0847 16.635
4955.8834 16.704
4957.6822 16.698
4959.4809 16.714
4961.2797 16.739
4963.0784 16.750
4964.8772 16.755
4966.6759 16.758
4968.4747 16.761
4970.2734 16.741
4972.0722 16.719
4973.8709 16.732
4975.6697 16.745
4977.4684 16.748
4979.2671 16.754
4981.0659 16.769
4982.8646 16.776
4984.6634 16.754
4986.4621 16.736
4988.2609 16.728
4990.0596 16.725
4991.8584 16.730
4993.6571 16.723
4995.4559 16.703
4997.2546 16.692
4999.0534 16.689
5000.8521 16.714
5002.6509 16.756
5004.4496 16.762
5006.2484 16.753
5008.0471 16.770
5009.8459 16.794
5011.6446 16.793
5013.4434 16.787
5015.2421 16.793
5017.0409 16.799
5018.8396 16.787
5020.6384 16.773
5022.4371 16.737
5024.2358 16.708
5026.0346 16.718
5027.8333 16.728
5029.6321 16.744
5031.4308 16.749
5033.2296 16.731
5035.0283 16.720
5036.8271 16.719
5038.6258 16.734
5040.4246 16.768
5042.2233 16.780
5044.0221 16.774
5045.8208 16.764
5047.6196 16.753
5049.4183 16.741
5051.2171 16.729
5053.0158 16.721
5054.8146 16.715
5056.6133 16.711
5058.4121 16.709
5060.2108 16.720
5062.0096 16.731
5063.8083 16.741
5065.6071 16.753
5067.4058 16.776
5069.2046 16.796
5071.0033 16.799
5072.8020 16.795
5074.6008 16.769
5076.3995 16.750
5078.1983 16.747
5079.9970 16.740
5081.7958 16.726
5083.5945 16.736
5085.3933 16.771
5087.1920 16.783
5088.9908 16.775
5090.7895 16.765
5092.5883 16.753
5094.3870 16.753
5096.1858 16.759
5097.9845 16.769
5099.7833 16.780
5101.5820 16.764
5103.3808 16.744
5105.1795 16.732
5106.9783 16.720
5108.7770 16.733
5110.5758 16.745
5112.3745 16.750
5114.1733 16.752
5115.9720 16.743
5117.7708 16.738
5119.5695 16.751
5121.3682 16.758
5123.1670 16.751
5124.9657 16.748
5126.7645 16.748
5128.5632 16.746
5130.3620 16.740
5132.1607 16.742
5133.9595 16.750
5135.7582 16.763
5137.5570 16.779
5139.3557 16.788
5141.1545 16.794
5142.9532 16.804
5144.7520 16.815
5146.5507 16.800
5148.3495 16.780
5150.1482 16.777
5151.9470 16.775
5153.7457 16.784
5155.5445 16.791
5157.3432 16.774
5159.1420 16.760
5160.9407 16.762
5162.7395 16.771
5164.5382 16.801
5166.3369 16.808
5168.1357 16.770
5169.9344 16.763
5171.7332 16.802
5173.5319 16.831
5175.3307 16.848
5177.1294 16.856
5178.9282 16.856
5180.7269 16.849
5182.5257 16.838
5184.3244 16.830
5186.1232 16.822
5187.9219 16.821
5189.7207 16.821
5191.5194 16.817
5193.3182 16.814
5195.1169 16.796
5196.9157 16.779
5198.7144 16.774
5200.5132 16.770
5202.3119 16.766
5204.1107 16.765
5205.9094 16.777
5207.7082 16.794
5209.5069 16.825
5211.3057 16.849
5213.1044 16.862
5214.9031 16.857
5216.7019 16.828
5218.5006 16.822
5220.2994 16.840
5222.0981 16.847
5223.8969 16.845
5225.6956 16.840
5227.4944 16.832
5229.2931 16.821
5231.0919 16.809
5232.8906 16.808
5234.6894 16.809
5236.4881 16.792
5238.2869 16.773
5240.0856 16.780
5241.8844 16.788
5243.6831 16.797
5245.4819 16.807
5247.2806 16.825
5249.0794 16.835
5250.8781 16.807
5252.6769 16.790
5254.4756 16.803
5256.2744 16.826
5258.0731 16.866
5259.8719 16.883
5261.6706 16.870
5263.4693 16.836
5265.2681 16.781
5267.0668 16.764
5268.8656 16.776
5270.6643 16.791
5272.4631 16.807
5274.2618 16.786
5276.0606 16.752
5277.8593 16.755
5279.6581 16.767
5281.4568 16.780
5283.2556 16.793
5285.0543 16.818
5286.8531 16.843
5288.6518 16.827
5290.4506 16.813
5292.2493 16.819
5294.0481 16.819
5295.8468 16.797
5297.6456 16.791
5299.4443 16.830
5301.2431 16.853
5303.0418 16.843
5304.8406 16.831
5306.6393 16.814
5308.4380 16.822
5310.2368 16.854
5312.0355 16.860
5313.8343 16.847
5315.6330 16.848
5317.4318 16.857
5319.2305 16.856
5321.0293 16.852
5322.8280 16.854
5324.6268 16.857
5326.4255 16.845
5328.2243 16.832
5330.0230 16.841
5331.8218 16.849
5333.6205 16.839
5335.4193 16.831
5337.2180 16.847
5339.0168 16.864
5340.8155 16.884
5342.6143 16.890
5344.4130 16.859
5346.2118 16.840
5348.0105 16.841
5349.8093 16.848
5351.6080 16.865
5353.4068 16.863
5355.2055 16.841
5357.0042 16.831
5358.8030 16.830
5360.6017 16.833
5362.4005 16.838
5364.1992 16.838
5365.9980 16.838
5367.7967 16.870
5369.5955 16.909
5371.3942 16.932
5373.1930 16.954
5374.9917 16.938
5376.7905 16.922
5378.5892 16.931
5380.3880 16.945
5382.1867 16.983
5383.9855 17.006
5385.7842 16.967
5387.5830 16.925
5389.3817 16.874
5391.1805 16.843
5392.9792 16.847
5394.7780 16.849
5396.5767 16.849
5398.3755 16.859
5400.1742 16.880
5401.9730 16.901
5403.7717 16.922
5405.5704 16.926
5407.3692 16.920
5409.1679 16.944
5410.9667 16.977
5412.7654 16.992
5414.5642 17.004
5416.3629 16.975
5418.1617 16.942
5419.9604 16.935
5421.7592 16.930
5423.5579 16.932
5425.3567 16.933
5427.1554 16.923
5428.9542 16.915
5430.7529 16.915
5432.5517 16.924
5434.3504 16.955
5436.1492 16.967
5437.9479 16.947
5439.7467 16.929
5441.5454 16.913
5443.3442 16.919
5445.1429 16.945
5446.9417 16.959
5448.7404 16.964
5450.5391 16.940
5452.3379 16.900
5454.1366 16.895
5455.9354 16.901
5457.7341 16.898
5459.5329 16.894
5461.3316 16.905
5463.1304 16.918
5464.9291 16.929
5466.7279 16.940
5468.5266 16.950
5470.3254 16.957
5472.1241 16.949
5473.9229 16.939
5475.7216 16.927
5477.5204 16.915
5479.3191 16.900
5481.1179 16.903
5482.9166 16.938
5484.7154 16.959
5486.5141 16.963
5488.3129 16.963
5490.1116 16.957
5491.9104 16.936
5493.7091 16.903
5495.5079 16.885
5497.3066 16.874
5499.1053 16.855
5500.9041 16.834
5502.7028 16.843
5504.5016 16.858
5506.3003 16.872
5508.0991 16.886
5509.8978 16.888
5511.6966 16.889
5513.4953 16.897
5515.2941 16.908
5517.0928 16.934
5518.8916 16.962
5520.6903 16.999
5522.4891 17.014
5524.2878 16.973
5526.0866 16.942
5527.8853 16.927
5529.6841 16.922
5531.4828 16.927
5533.2816 16.924
5535.0803 16.913
5536.8791 16.907
5538.6778 16.905
5540.4766 16.885
5542.2753 16.857
5544.0740 16.841
5545.8728 16.830
5547.6715 16.847
5549.4703 16.870
5551.2690 16.905
5553.0678 16.940
5554.8665 16.911
5556.6653 16.885
5558.4640 16.897
5560.2628 16.913
5562.0615 16.959
5563.8603 17.001
5565.6590 17.030
5567.4578 17.055
5569.2565 17.069
5571.0553 17.062
5572.8540 17.021
5574.6528 16.980
5576.4515 16.940
5578.2503 16.936
5580.0490 16.963
5581.8478 16.998
5583.6465 17.039
5585.4453 17.029
5587.2440 16.997
5589.0428 16.953
5590.8415 16.905
5592.6402 16.930
5594.4390 16.967
5596.2377 16.950
5598.0365 16.928
5599.8352 16.942
5601.6340 16.959
5603.4327 17.023
5605.2315 17.073
5607.0302 17.049
5608.8290 17.034
5610.6277 17.048
5612.4265 17.056
5614.2252 17.052
5616.0240 17.027
5617.8227 16.968
5619.6215 16.938
5621.4202 16.942
5623.2190 16.958
5625.0177 16.985
5626.8165 17.008
5628.6152 17.027
5630.4140 17.022
5632.2127 17.005
5634.0115 16.978
5635.8102 16.947
5637.6090 16.915
5639.4077 16.883
5641.2064 16.876
5643.0052 16.871
5644.8039 16.917
5646.6027 16.963
5648.4014 16.996
5650.2002 17.028
5651.9989 17.052
5653.7977 17.069
5655.5964 17.063
5657.3952 17.054
5659.1939 17.035
5660.9927 17.014
5662.7914 16.986
5664.5902 16.977
5666.3889 16.988
5668.1877 16.995
5669.9864 16.998
5671.7852 16.995
5673.5839 16.989
5675.3827 16.986
5677.1814 16.984
5678.9802 16.978
5680.7789 16.971
5682.5777 16.961
5684.3764 16.951
5686.1751 16.932
5687.9739 16.912
5689.7726 16.907
5691.5714 16.904
5693.3701 16.927
5695.1689 16.942
5696.9676 16.921
5698.7664 16.925
5700.5651 17.005
5702.3639 17.043
5704.1626 16.992
5705.9614 16.961
5707.7601 16.961
5709.5589 16.964
5711.3576 16.970
5713.1564 16.983
5714.9551 17.002
5716.7539 17.009
5718.5526 17.010
5720.3514 16.995
5722.1501 16.974
5723.9489 16.969
5725.7476 16.969
5727.5464 17.019
5729.3451 17.079
5731.1439 17.067
5732.9426 17.051
5734.7413 17.039
5736.5401 17.030
5738.3388 17.059
5740.1376 17.082
5741.9363 17.082
5743.7351 17.073
5745.5338 17.036
5747.3326 17.001
5749.1313 16.966
5750.9301 16.937
5752.7288 16.915
5754.5276 16.908
5756.3263 16.918
5758.1251 16.929
5759.9238 16.941
5761.7226 16.983
5763.5213 17.041
5765.3201 17.030
5767.1188 16.989
5768.9176 16.999
5770.7163 17.022
5772.5151 17.039
5774.3138 17.055
5776.1126 17.053
5777.9113 17.051
5779.7101 17.053
5781.5088 17.047
5783.3075 16.957
5785.1063 16.892
5786.9050 16.952
5788.7038 16.993
5790.5025 16.982
5792.3013 16.983
5794.1000 17.011
5795.8988 17.032
5797.6975 17.042
5799.4963 17.059
5801.2950 17.083
5803.0938 17.069
5804.8925 17.025
5806.6913 17.026
5808.4900 17.054
5810.2888 17.043
5812.0875 17.017
5813.8863 17.025
5815.6850 17.041
5817.4838 17.037
5819.2825 17.030
5821.0813 17.014
5822.8800 16.998
5824.6788 17.022
5826.4775 17.045
5828.2762 17.057
5830.0750 17.070
5831.8737 17.085
5833.6725 17.093
5835.4712 17.078
5837.2700 17.057
5839.0687 17.027
5840.8675 17.012
5842.6662 17.021
5844.4650 17.028
5846.2637 17.033
5848.0625 17.030
5849.8612 17.020
5851.6600 17.002
5853.4587 16.979
5855.2575 16.970
5857.0562 16.968
5858.8550 16.973
5860.6537 16.980
5862.4525 17.010
5864.2512 17.042
5866.0500 17.038
5867.8487 17.032
5869.6475 17.058
5871.4462 17.083
5873.2450 17.096
5875.0437 17.098
5876.8424 17.049
5878.6412 17.025
5880.4399 17.073
5882.2387 17.120
5884.0374 17.162
5885.8362 17.174
5887.6349 17.144
5889.4337 17.106
5891.2324 17.061
5893.0312 17.032
5894.8299 17.013
5896.6287 17.041
5898.4274 17.094
5900.2262 17.083
5902.0249 17.048
5903.8237 17.062
5905.6224 17.088
5907.4212 17.099
5909.2199 17.107
5911.0187 17.061
5912.8174 17.017
5914.6162 17.072
5916.4149 17.126
5918.2137 17.169
5920.0124 17.203
5921.8112 17.201
5923.6099 17.188
5925.4086 17.142
5927.2074 17.091
5929.0061 17.031
5930.8049 16.994
5932.6036 16.985
5934.4024 17.011
5936.2011 17.069
5937.9999 17.100
5939.7986 17.110
5941.5974 17.099
5943.3961 17.075
5945.1949 17.099
5946.9936 17.140
5948.7924 17.135
5950.5911 17.120
5952.3899 17.085
5954.1886 17.047
5955.9874 17.046
5957.7861 17.044
5959.5849 17.021
5961.3836 17.003
5963.1824 17.026
5964.9811 17.054
5966.7799 17.099
5968.5786 17.131
5970.3773 17.126
5972.1761 17.125
5973.9748 17.129
5975.7736 17.112
5977.5723 17.066
5979.3711 17.064
5981.1698 17.105
5982.9686 17.142
5984.7673 17.176
5986.5661 17.183
5988.3648 17.175
5990.1636 17.125
5991.9623 17.061
5993.7611 17.074
5995.5598 17.104
5997.3586 17.130
5999.1573 17.154
6000.9561 17.136
6002.7548 17.118
6004.5536 17.140
6006.3523 17.158
6008.1511 17.155
6009.9498 17.145
6011.7486 17.106
6013.5473 17.085
6015.3461 17.110
6017.1448 17.148
6018.9435 17.207
6020.7423 17.268
6022.5410 17.331
6024.3398 17.337
6026.1385 17.289
6027.9373 17.258
6029.7360 17.238
6031.5348 17.201
6033.3335 17.155
6035.1323 17.157
6036.9310 17.176
6038.7298 17.152
6040.5285 17.119
6042.3273 17.163
6044.1260 17.215
6045.9248 17.211
6047.7235 17.199
6049.5223 17.068
6051.3210 16.962
6053.1198 17.027
6054.9185 17.093
6056.7173 17.164
6058.5160 17.206
6060.3148 17.174
6062.1135 17.167
6063.9123 17.204
6065.7110 17.185
6067.5097 17.093
6069.3085 17.055
6071.1072 17.067
6072.9060 17.090
6074.7047 17.120
6076.5035 17.108
6078.3022 17.075
6080.1010 17.020
6081.8997 16.958
6083.6985 17.037
6085.4972 17.147
6087.2960 17.174
6089.0947 17.192
6090.8935 17.171
6092.6922 17.149
6094.4910 17.123
6096.2897 17.103
6098.0885 17.124
6099.8872 17.155
6101.6860 17.221
6103.4847 17.246
6105.2835 17.170
6107.0822 17.142
6108.8810 17.197
6110.6797 17.211
6112.4784 17.173
6114.2772 17.161
6116.0759 17.171
6117.8747 17.187
6119.6734 17.206
6121.4722 17.188
6123.2709 17.151
6125.0697 17.184
6126.8684 17.239
6128.6672 17.171
6130.4659 17.078
6132.2647 17.080
6134.0634 17.091
6135.8622 17.126
6137.6609 17.156
6139.4597 17.112
6141.2584 17.085
6143.0572 17.158
6144.8559 17.203
6146.6547 17.149
6148.4534 17.128
6150.2522 17.187
6152.0509 17.226
6153.8497 17.231
6155.6484 17.210
6157.4472 17.158
6159.2459 17.120
6161.0446 17.097
6162.8434 17.071
6164.6421 17.044
6166.4409 17.045
6168.2396 17.059
6170.0384 17.066
6171.8371 17.070
6173.6359 17.122
6175.4346 17.183
6177.2334 17.159
6179.0321 17.128
6180.8309 17.128
6182.6296 17.133
6184.4284 17.196
6186.2271 17.251
6188.0259 17.261
6189.8246 17.266
6191.6234 17.254
6193.4221 17.227
6195.2209 17.167
6197.0196 17.127
6198.8184 17.119
6200.6171 17.145
6202.4159 17.209
6204.2146 17.238
6206.0134 17.234
6207.8121 17.227
6209.6108 17.217
6211.4096 17.203
6213.2083 17.188
6215.0071 17.165
6216.8058 17.140
6218.6046 17.188
6220.4033 17.249
6222.2021 17.202
6224.0008 17.146
6225.7996 17.115
6227.5983 17.087
6229.3971 17.083
6231.1958 17.086
6232.9946 17.124
6234.7933 17.153
6236.5921 17.151
6238.3908 17.149
6240.1896 17.148
6241.9883 17.131
6243.7871 17.088
6245.5858 17.070
6247.3846 17.081
6249.1833 17.107
6250.9821 17.145
6252.7808 17.113
6254.5795 17.038
6256.3783 17.030
6258.1770 17.052
6259.9758 17.029
6261.7745 16.994
6263.5733 17.005
6265.3720 17.024
6267.1708 17.106
6268.9695 17.193
6270.7683 17.239
6272.5670 17.283
6274.3658 17.301
6276.1645 17.319
6277.9633 17.335
6279.7620 17.348
6281.5608 17.350
6283.3595 17.333
6285.1583 17.273
6286.9570 17.247
6288.7558 17.274
6290.5545 17.307
6292.3533 17.346
6294.1520 17.374
6295.9508 17.391
6297.7495 17.363
6299.5483 17.306
6301.3470 17.189
6303.1457 17.046
6304.9445 17.079
6306.7432 17.161
6308.5420 17.210
6310.3407 17.252
6312.1395 17.214
6313.9382 17.171
6315.7370 17.220
6317.5357 17.258
6319.3345 17.191
6321.1332 17.137
6322.9320 17.146
6324.7307 17.161
6326.5295 17.192
6328.3282 17.218
6330.1270 17.235
6331.9257 17.250
6333.7245 17.263
6335.5232 17.265
6337.3220 17.254
6339.1207 17.206
6340.9195 17.125
6342.7182 17.119
6344.5170 17.158
6346.3157 17.142
6348.1145 17.103
6349.9132 17.104
6351.7119 17.116
6353.5107 17.067
6355.3094 17.008
6357.1082 17.052
6358.9069 17.105
6360.7057 17.269
6362.5044 17.419
6364.3032 17.440
6366.1019 17.434
6367.9007 17.294
6369.6994 17.173
6371.4982 17.109
6373.2969 17.101
6375.0957 17.207
6376.8944 17.256
6378.6932 17.218
6380.4919 17.214
6382.2907 17.247
6384.0894 17.263
6385.8882 17.266
6387.6869 17.277
6389.4857 17.294
6391.2844 17.302
6393.0832 17.307
6394.8819 17.328
6396.6806 17.353
6398.4794 17.357
6400.2781 17.358
6402.0769 17.308
6403.8756 17.257
6405.6744 17.274
6407.4731 17.286
6409.2719 17.242
6411.0706 17.209
6412.8694 17.231
6414.6681 17.272
6416.4669 17.369
6418.2656 17.396
6420.0644 17.283
6421.8631 17.196
6423.6619 17.149
6425.4606 17.107
6427.2594 17.070
6429.0581 17.126
6430.8569 17.253
6432.6556 17.307
6434.4544 17.320
6436.2531 17.340
6438.0519 17.362
6439.8506 17.345
6441.6494 17.317
6443.4481 17.300
6445.2468 17.285
6447.0456 17.277
6448.8443 17.272
6450.6431 17.352
6452.4418 17.425
6454.2406 17.439
6456.0393 17.446
6457.8381 17.420
6459.6368 17.403
6461.4356 17.410
6463.2343 17.401
6465.0331 17.361
6466.8318 17.312
6468.6306 17.250
6470.4293 17.208
6472.2281 17.186
6474.0268 17.228
6475.8256 17.318
6477.6243 17.311
6479.4231 17.249
6481.2218 17.220
6483.0206 17.203
6484.8193 17.244
6486.6181 17.300
6488.4168 17.295
6490.2156 17.282
6492.0143 17.329
6493.8130 17.377
6495.6118 17.381
6497.4105 17.380
6499.2093 17.343
6501.0080 17.318
6502.8068 17.349
6504.6055 17.384
6506.4043 17.433
6508.2030 17.453
6510.0018 17.418
6511.8005 17.401
6513.5993 17.407
6515.3980 17.382
6517.1968 17.325
6518.9955 17.327
6520.7943 17.373
6522.5930 17.394
6524.3918 17.400
6526.1905 17.414
6527.9893 17.431
6529.7880 17.437
6531.5868 17.441
6533.3855 17.388
6535.1843 17.327
6536.9830 17.360
6538.7817 17.393
6540.5805 17.336
6542.3792 17.289
6544.1780 17.326
6545.9767 17.355
6547.7755 17.349
6549.5742 17.315
6551.3730 17.202
6553.1717 17.147
6554.9705 17.202
6556.7692 17.267
6558.5680 17.345
6560.3667 17.289
6562.1655 17.097
6563.9642 17.061
6565.7630 17.140
6567.5617 17.249
6569.3605 17.374
6571.1592 17.395
6572.9580 17.378
6574.7567 17.363
6576.5555 17.349
6578.3542 17.334
6580.1530 17.319
6581.9517 17.366
6583.7505 17.415
6585.5492 17.422
6587.3479 17.408
6589.1467 17.237
6590.9454 17.123
6592.7442 17.241
6594.5429 17.335
6596.3417 17.366
6598.1404 17.375
6599.9392 17.342
6601.7379 17.333
6603.5367 17.356
6605.3354 17.381
6607.1342 17.408
6608.9329 17.392
6610.7317 17.345
6612.5304 17.386
6614.3292 17.473
6616.1279 17.444
6617.9267 17.375
6619.7254 17.322
6621.5242 17.272
6623.3229 17.223
6625.1217 17.173
6626.9204 17.203
6628.7192 17.235
6630.5179 17.290
6632.3167 17.342
6634.1154 17.382
6635.9141 17.398
6637.7129 17.314
6639.5116 17.262
6641.3104 17.290
6643.1091 17.324
6644.9079 17.371
6646.7066 17.388
6648.5054 17.368
6650.3041 17.339
6652.1029 17.301
6653.9016 17.325
6655.7004 17.393
6657.4991 17.382
6659.2979 17.332
6661.0966 17.296
6662.8954 17.265
6664.6941 17.197
6666.4929 17.122
6668.2916 17.120
6670.0904 17.126
6671.8891 17.145
6673.6879 17.160
6675.4866 17.101
6677.2854 17.054
6679.0841 17.078
6680.8828 17.103
6682.6816 17.135
6684.4803 17.168
6686.2791 17.202
6688.0778 17.230
6689.8766 17.246
6691.6753 17.232
6693.4741 17.177
6695.2728 17.156
6697.0716 17.165
6698.8703 17.166
6700.6691 17.160
6702.4678 17.242
6704.2666 17.368
6706.0653 17.389
6707.8641 17.375
6709.6628 17.386
6711.4616 17.402
6713.2603 17.362
6715.0591 17.315
6716.8578 17.327
6718.6566 17.337
6720.4553 17.311
6722.2541 17.287
6724.0528 17.273
6725.8516 17.271
6727.6503 17.313
6729.4490 17.347
6731.2478 17.363
6733.0465 17.373
6734.8453 17.373
6736.6440 17.389
6738.4428 17.425
6740.2415 17.405
6742.0403 17.333
6743.8390 17.238
6745.6378 17.128
6747.4365 17.098
6749.2353 17.108
6751.0340 17.193
6752.8328 17.304
6754.6315 17.399
6756.4303 17.490
6758.2290 17.454
6760.0278 17.405
6761.8265 17.388
6763.6253 17.374
6765.4240 17.390
6767.2228 17.411
6769.0215 17.463
6770.8203 17.475
6772.6190 17.343
6774.4178 17.254
6776.2165 17.267
6778.0152 17.301
6779.8140 17.370
6781.6127 17.393
6783.4115 17.360
6785.2102 17.332
6787.0090 17.306
6788.8077 17.313
6790.6065 17.341
6792.4052 17.227
6794.2040 17.046
6796.0027 17.059
6797.8015 17.135
6799.6002 17.193
6801.3990 17.246
6803.1977 17.262
6804.9965 17.274
6806.7952 17.313
6808.5940 17.346
6810.3927 17.302
6812.1915 17.271
6813.9902 17.316
6815.7890 17.378
6817.5877 17.499
6819.3865 17.529
6821.1852 17.347
6822.9839 17.222
6824.7827 17.191
6826.5814 17.217
6828.3802 17.312
6830.1789 17.345
6831.9777 17.324
6833.7764 17.264
6835.5752 17.179
6837.3739 17.281
6839.1727 17.468
6840.9714 17.539
6842.7702 17.576
6844.5689 17.439
6846.3677 17.270
6848.1664 17.170
6849.9652 17.076
6851.7639 17.076
6853.5627 17.082
6855.3614 17.154
6857.1602 17.239
6858.9589 17.395
6860.7577 17.519
6862.5564 17.538
6864.3552 17.500
6866.1539 17.333
6867.9527 17.341
6869.7514 17.632
6871.5501 17.695
6873.3489 17.494
6875.1476 17.437
6876.9464 17.506
6878.7451 17.522
6880.5439 17.504
6882.3426 17.478
6884.1414 17.449
6885.9401 17.434
6887.7389 17.423
6889.5376 17.397
6891.3364 17.367
6893.1351 17.333
6894.9339 17.299
6896.7326 17.387
6898.5314 17.467
6900.3301 17.458
6902.1289 17.457
6903.9276 17.503
6905.7264 17.514
6907.5251 17.413
6909.3239 17.342
6911.1226 17.340
6912.9214 17.395
6914.7201 17.539
6916.5189 17.695
6918.3176 17.864
6920.1163 17.855
6921.9151 17.696
6923.7138 17.549
6925.5126 17.409
6927.3113 17.386
6929.1101 17.412
6930.9088 17.412
6932.7076 17.404
6934.5063 17.428
6936.3051 17.457
6938.1038 17.427
6939.9026 17.393
6941.7013 17.276
6943.5001 17.190
6945.2988 17.446
6947.0976 17.674
6948.8963 17.757
6950.6951 17.763
6952.4938 17.522
6954.2926 17.386
6956.0913 17.477
6957.8901 17.608
6959.6888 17.798
6961.4876 17.891
6963.2863 17.874
6965.0850 17.755
6966.8838 17.553
6968.6825 17.463
6970.4813 17.439
6972.2800 17.367
6974.0788 17.275
6975.8775 17.365
6977.6763 17.506
6979.4750 17.485
6981.2738 17.438
6983.0725 17.423
6984.8713 17.410
6986.6700 17.309
6988.4688 17.212
6990.2675 17.147
6992.0663 17.096
6993.8650 17.114
6995.6638 17.112
6997.4625 17.050
6999.2613 17.022
7001.0600 17.066
7002.8588 17.124
7004.6575 17.204
7006.4563 17.250
7008.2550 17.260
7010.0538 17.265
7011.8525 17.265
7013.6512 17.287
7015.4500 17.322
7017.2487 17.276
7019.0475 17.196
7020.8462 17.378
7022.6450 17.632
7024.4437 17.539
7026.2425 17.391
7028.0412 17.348
7029.8400 17.312
7031.6387 17.318
7033.4375 17.316
7035.2362 17.253
7037.0350 17.209
7038.8337 17.259
7040.6325 17.328
7042.4312 17.454
7044.2300 17.502
7046.0287 17.388
7047.8275 17.287
7049.6262 17.203
7051.4250 17.169
7053.2237 17.187
7055.0225 17.234
7056.8212 17.305
7058.6200 17.325
7060.4187 17.317
7062.2174 17.295
7064.0162 17.268
7065.8149 17.159
7067.6137 17.029
7069.4124 17.067
7071.2112 17.130
7073.0099 17.384
7074.8087 17.641
7076.6074 17.588
7078.4062 17.533
7080.2049 17.457
7082.0037 17.374
7083.8024 17.252
7085.6012 17.228
7087.3999 17.488
7089.1987 17.657
7090.9974 17.647
7092.7962 17.613
7094.5949 17.544
7096.3937 17.503
7098.1924 17.490
7099.9912 17.463
7101.7899 17.425
7103.5887 17.511
7105.3874 17.667
7107.1861 17.586
7108.9849 17.412
7110.7836 17.373
7112.5824 17.369
7114.3811 17.381
7116.1799 17.395
7117.9786 17.584
7119.7774 17.776
7121.5761 17.771
7123.3749 17.769
7125.1736 17.784
7126.9724 17.757
7128.7711 17.545
7130.5699 17.388
7132.3686 17.392
7134.1674 17.487
7135.9661 17.761
7137.7649 17.805
7139.5636 17.525
7141.3624 17.382
7143.1611 17.379
7144.9599 17.372
7146.7586 17.363
7148.5574 17.323
7150.3561 17.267
7152.1549 17.266
7153.9536 17.286
7155.7523 17.264
7157.5511 17.231
7159.3498 17.222
7161.1486 17.215
7162.9473 17.320
7164.7461 17.424
7166.5448 17.367
7168.3436 17.308
7170.1423 17.231
7171.9411 17.176
7173.7398 17.215
7175.5386 17.246
7177.3373 17.255
7179.1361 17.255
7180.9348 17.237
7182.7336 17.231
7184.5323 17.243
7186.3311 17.301
7188.1298 17.406
7189.9286 17.445
7191.7273 17.435
7193.5261 17.441
7195.3248 17.454
7197.1236 17.408
7198.9223 17.341
7200.7211 17.337
7202.5198 17.349
7204.3185 17.395
7206.1173 17.446
7207.9160 17.340
7209.7148 17.236
7211.5135 17.334
7213.3123 17.432
7215.1110 17.524
7216.9098 17.601
7218.7085 17.614
7220.5073 17.612
7222.3060 17.573
7224.1048 17.528
7225.9035 17.475
7227.7023 17.474
7229.5010 17.545
7231.2998 17.601
7233.0985 17.643
7234.8973 17.501
7236.6960 17.227
7238.4948 17.002
7240.2935 16.804
7242.0923 17.038
7243.8910 17.429
7245.6898 17.519
7247.4885 17.540
7249.2872 17.528
7251.0860 17.512
7252.8847 17.377
7254.6835 17.249
7256.4822 17.381
7258.2810 17.490
7260.0797 17.433
7261.8785 17.363
7263.6772 17.241
7265.4760 17.146
7267.2747 17.118
7269.0735 17.183
7270.8722 17.418
7272.6710 17.446
7274.4697 17.203
7276.2685 17.163
7278.0672 17.319
7279.8660 17.466
7281.6647 17.607
7283.4635 17.585
7285.2622 17.481
7287.0610 17.336
7288.8597 17.177
7290.6585 17.287
7292.4572 17.456
7294.2560 17.492
7296.0547 17.512
7297.8534 17.361
7299.6522 17.213
7301.4509 17.214
7303.2497 17.226
7305.0484 17.314
7306.8472 17.352
7308.6459 17.191
7310.4447 17.081
7312.2434 17.102
7314.0422 17.263
7315.8409 17.671
7317.6397 17.883
7319.4384 17.841
7321.2372 17.660
7323.0359 17.350
7324.8347 17.245
7326.6334 17.282
7328.4322 17.320
7330.2309 17.357
7332.0297 17.452
7333.8284 17.567
7335.6272 17.310
7337.4259 16.974
7339.2247 17.127
7341.0234 17.332
7342.8221 19.135
7344.6209 20.794
7346.4196 19.475
7348.2184 18.292
7350.0171 17.987
7351.8159 17.736
7353.6146 17.684
7355.4134 17.659
7357.2121 17.699
7359.0109 17.648
7360.8096 17.440
7362.6084 17.237
7364.4071 17.042
7366.2059 17.071
7368.0046 17.306
7369.8034 17.433
7371.6021 17.486
7373.4009 17.357
7375.1996 17.140
7376.9984 17.157
7378.7971 17.250
7380.5959 17.266
7382.3946 17.267
7384.1934 17.193
7385.9921 17.111
7387.7909 17.188
7389.5896 17.261
7391.3883 17.231
7393.1871 17.215
7394.9858 17.290
7396.7846 17.321
7398.5833 17.195
7400.3821 17.091
7402.1808 17.041
7403.9796 17.026
7405.7783 17.073
7407.5771 17.133
7409.3758 17.208
7411.1746 17.370
7412.9733 17.609
7414.7721 17.669
7416.5708 17.610
7418.3696 17.506
7420.1683 17.382
7421.9671 17.399
7423.7658 17.463
7425.5646 17.426
7427.3633 17.370
7429.1621 17.496
7430.9608 17.638
7432.7596 17.423
7434.5583 17.224
7436.3571 17.319
7438.1558 17.415
7439.9545 17.520
7441.7533 17.624
7443.5520 17.724
7445.3508 17.759
7447.1495 17.643
7448.9483 17.496
7450.7470 17.297
7452.5458 17.412
7454.3445 17.905
7456.1433 17.949
7457.9420 17.598
7459.7408 17.425
7461.5395 17.367
7463.3383 17.517
7465.1370 17.761
7466.9358 17.691
7468.7345 17.524
7470.5333 17.400
7472.3320 17.284
7474.1308 17.532
7475.9295 17.813
7477.7283 17.739
7479.5270 17.658
7481.3258 17.495
7483.1245 17.369
7484.9232 17.446
7486.7220 17.537
7488.5207 17.671
7490.3195 17.701
7492.1182 17.492
7493.9170 17.404
7495.7157 17.509
7497.5145 17.572
7499.3132 17.585
7501.1120 17.508
7502.9107 17.352
7504.7095 17.265
7506.5082 17.221
7508.3070 17.243
7510.1057 17.293
7511.9045 17.297
7513.7032 17.287
7515.5020 17.224
7517.3007 17.151
7519.0995 17.210
7520.8982 17.279
7522.6970 17.498
7524.4957 17.733
7526.2945 18.165
7528.0932 18.502
7529.8920 18.327
7531.6907 18.071
7533.4894 17.550
7535.2882 17.199
7537.0869 17.228
7538.8857 17.237
7540.6844 17.214
7542.4832 17.177
7544.2819 17.123
7546.0807 17.108
7547.8794 17.127
7549.6782 17.154
7551.4769 17.186
7553.2757 17.291
7555.0744 17.427
7556.8732 17.693
7558.6719 17.995
7560.4707 17.864
7562.2694 17.658
7564.0682 17.527
7565.8669 17.403
7567.6657 17.512
7569.4644 17.608
7571.2632 17.562
7573.0619 17.518
7574.8607 17.479
7576.6594 17.458
7578.4582 17.499
7580.2569 17.505
7582.0556 17.437
7583.8544 17.359
7585.6531 17.268
7587.4519 17.574
7589.2506 18.327
7591.0494 18.617
7592.8481 18.522
7594.6469 18.246
7596.4456 17.862
7598.2444 17.739
7600.0431 17.726
7601.8419 17.685
7603.6406 17.637
7605.4394 17.544
7607.2381 17.443
7609.0369 17.660
7610.8356 17.900
7612.6344 18.228
7614.4331 18.498
7616.2319 18.164
7618.0306 17.862
7619.8294 17.721
7621.6281 17.658
7623.4269 17.834
7625.2256 17.947
7627.0243 17.924
7628.8231 17.830
7630.6218 17.629
7632.4206 17.535
7634.2193 17.559
7636.0181 17.664
7637.8168 17.835
7639.6156 17.793
7641.4143 17.626
7643.2131 17.435
7645.0118 17.234
7646.8106 17.295
7648.6093 17.428
7650.4081 17.284
7652.2068 17.096
7654.0056 17.086
7655.8043 17.091
7657.6031 17.309
7659.4018 17.526
7661.2006 17.722
7662.9993 17.847
7664.7981 17.623
7666.5968 17.379
7668.3956 17.077
7670.1943 16.954
7671.9931 17.199
7673.7918 17.410
7675.5905 17.571
7677.3893 17.643
7679.1880 17.617
7680.9868 17.777
7682.7855 18.085
7684.5843 18.255
7686.3830 18.344
7688.1818 18.199
7689.9805 17.959
7691.7793 17.788
7693.5780 17.636
7695.3768 17.686
7697.1755 17.766
7698.9743 17.690
7700.7730 17.607
7702.5718 17.620
7704.3705 17.622
7706.1693 17.525
7707.9680 17.472
7709.7668 17.620
7711.5655 17.818
7713.3643 18.161
7715.1630 18.211
7716.9618 17.671
7718.7605 14.813
7720.5593  8.606
7722.3580  4.048
7724.1567  1.229
7725.9555  0.000
7727.7542  0.000
7729.5530  0.000
7731.3517  0.000
7733.1505  0.000
7734.9492  0.000
7736.7480  0.000
7738.5467  0.000
7740.3455  0.000
7742.1442  0.000
7743.9430  0.000
7745.7417  0.000
7747.5405  0.000
7749.3392  0.000
7751.1380  0.000
7752.9367  0.000
7754.7355  0.000
7756.5342  0.000
7758.3330  0.000
7760.1317  0.000
7761.9305  0.000
7763.7292  0.000
7765.5280  0.000
7767.3267  0.000
7769.1254  0.000
7770.9242  0.000
7772.7229  0.000
7774.5217  0.000
7776.3204  0.000
7778.1192  0.000
7779.9179  0.000
7781.7167  0.000
7783.5154  0.000
7785.3142  0.000
7787.1129  0.000
7788.9117  0.000
7790.7104  0.000
7792.5092  0.000
7794.3079  0.000
7796.1067  0.000
7797.9054  0.000
7799.7042  0.000
7801.5029  0.000
7803.3017  0.000
7805.1004  0.000
7806.8992  0.000
7808.6979  0.000
7810.4967  0.000
7812.2954  0.000
7814.0942  0.000
7815.8929  0.000
7817.6916  0.000
7819.4904  0.000
7821.2891  0.000
7823.0879  0.000
7824.8866  0.000
7826.6854  0.000
7828.4841  0.000
7830.2829  0.000
7832.0816  0.000
7833.8804  0.000
7835.6791  0.000
7837.4779  0.000
7839.2766  0.000
7841.0754  0.000
7842.8741  0.000
7844.6729  0.000
7846.4716  0.000
7848.2704  0.000
7850.0691  0.000
7851.8679  0.000
7853.6666  0.000
7855.4654  0.000
7857.2641  0.000
7859.0629  0.000
7860.8616  0.000
7862.6604  0.000
7864.4591  0.000
7866.2578  0.000
7868.0566  0.000
7869.8553  0.000
7871.6541  0.000
7873.4528  0.000
7875.2516  0.000
7877.0503  0.000
7878.8491  0.000
7880.6478  0.000
7882.4466  0.000
7884.2453  0.000
7886.0441  0.000
7887.8428  0.000
7889.6416  0.000
7891.4403  0.000
7893.2391  0.000
7895.0378  0.000
7896.8366  0.000
7898.6353  0.000
7900.4341  0.000
7902.2328  0.000
7904.0316  0.000
7905.8303  0.000
7907.6291  0.000
7909.4278  0.000
7911.2265  0.000
7913.0253  0.000
7914.8240  0.000
7916.6228  0.000
7918.4215  0.000
7920.2203  0.000
7922.0190  0.000
7923.8178  0.000
7925.6165  0.000
7927.4153  0.000
7929.2140  0.000
7931.0128  0.000
7932.8115  0.000
7934.6103  0.000
7936.4090  0.000
7938.2078  0.000
7940.0065  0.000
7941.8053  0.000
7943.6040  0.000
7945.4028  0.000
7947.2015  0.000
7949.0003  0.000
7950.7990  0.000
7952.5978  0.000
7954.3965  0.000
7956.1953  0.000
7957.9940  0.000
7959.7927  0.000
7961.5915  0.000
7963.3902  0.000
7965.1890  0.000
7966.9877  0.000
7968.7865  0.000
7970.5852  0.000
7972.3840  0.000
7974.1827  0.000
7975.9815  0.000
7977.7802  0.000
7979.5790  0.000
7981.3777  0.000
7983.1765  0.000
7984.9752  0.000
7986.7740  0.000
7988.5727  0.000
7990.3715  0.000
7992.1702  0.000
7993.9690  0.000
7995.7677  0.000
7997.5665  0.000
7999.3652  0.000
8001.1640  0.000
8002.9627  0.000
8004.7615  0.000
8006.5602  0.000
8008.3589  0.000
8010.1577  0.000
8011.9564  0.000
8013.7552  0.000
8015.5539  0.000
8017.3527  0.000
8019.1514  0.000
8020.9502  0.000
8022.7489  0.000
8024.5477  0.000
8026.3464  0.000
8028.1452  0.000
8029.9439  0.000
8031.7427  0.000
8033.5414  0.000
8035.3402  0.000
8037.1389  0.000
8038.9377  0.000
8040.7364  0.000
8042.5352  0.000
8044.3339  0.000
8046.1327  0.000
8047.9314  0.000
8049.7302  0.000
8051.5289  0.000
8053.3276  0.000
8055.1264  0.000
8056.9251  0.000
8058.7239  0.000
8060.5226  0.000
8062.3214  0.000
8064.1201  0.000
8065.9189  0.000
8067.7176  0.000
8069.5164  0.000
8071.3151  0.000
8073.1139  0.000
8074.9126  0.000
8076.7114  0.000
8078.5101  0.000
8080.3089  0.000
8082.1076  0.000
8083.9064  0.000
8085.7051  0.000
8087.5039  0.000
8089.3026  0.000
8091.1014  0.000
8092.9001  0.000
8094.6989  0.000
8096.4976  0.000
8098.2964  0.000
8100.0951  0.000
8101.8938  0.000
8103.6926  0.000
8105.4913  0.000
8107.2901  0.000
8109.0888  0.000
8110.8876  0.000
8112.6863  0.000
8114.4851  0.000
8116.2838  0.000
8118.0826  0.000
8119.8813  0.000
8121.6801  0.000
8123.4788  0.000
8125.2776  0.000
8127.0763  0.000
8128.8751  0.000
8130.6738  0.000
8132.4726  0.000
8134.2713  0.000
8136.0701  0.000
8137.8688  0.000
8139.6676  0.000
8141.4663  0.000
8143.2651  0.000
8145.0638  0.000
8146.8626  0.000
8148.6613  0.000
8150.4600  0.000
8152.2588  0.000
8154.0575  0.000
8155.8563  0.000
8157.6550  0.000
8159.4538  0.000
8161.2525  0.000
8163.0513  0.000
8164.8500  0.000
8166.6488  0.000
8168.4475  0.000
8170.2463  0.000
8172.0450  0.000
8173.8438  0.000
8175.6425  0.000
8177.4413  0.000
8179.2400  0.000
8181.0388  0.000
8182.8375  0.000
8184.6363  0.000
8186.4350  0.000
8188.2338  0.000
8190.0325  0.000
8191.8313  0.000
8193.6300  0.000
8195.4287  0.000
