3150.2893 11.449
3152.3707 11.081
3154.4520 11.280
3156.5334 11.525
3158.6147 11.584
3160.6961 11.589
3162.7775 11.601
3164.8588 11.499
3166.9402 11.373
3169.0216 11.323
3171.1029 11.553
3173.1843 11.832
3175.2656 11.857
3177.3470 11.789
3179.4284 11.754
3181.5097 11.702
3183.5911 11.513
3185.6725 11.058
3187.7538 10.917
3189.8352 11.200
3191.9165 11.195
3193.9979 11.298
3196.0793 11.397
3198.1606 11.536
3200.2420 11.591
3202.3234 11.444
3204.4047 10.912
3206.4861 10.425
3208.5674 11.198
3210.6488 11.483
3212.7302 11.536
3214.8115 11.572
3216.8929 11.571
3218.9743 11.424
3221.0556 11.315
3223.1370 11.382
3225.2183 11.404
3227.2997 11.263
3229.3811 11.028
3231.4624 10.726
3233.5438 11.141
3235.6252 11.542
3237.7065 11.579
3239.7879 11.434
3241.8692 11.515
3243.9506 11.706
3246.0320 11.763
3248.1133 11.729
3250.1947 11.689
3252.2760 11.676
3254.3574 11.682
3256.4388 11.605
3258.5201 11.503
3260.6015 11.454
3262.6829 11.476
3264.7642 11.496
3266.8456 11.389
3268.9269 11.280
3271.0083 11.239
3273.0897 11.273
3275.1710 11.457
3277.2524 11.553
3279.3338 11.500
3281.4151 11.355
3283.4965 11.178
3285.5778 11.256
3287.6592 11.351
3289.7406 11.216
3291.8219 11.230
3293.9033 11.484
3295.9847 11.521
3298.0660 11.365
3300.1474 10.995
3302.2287 10.397
3304.3101 10.902
3306.3915 11.491
3308.4728 11.653
3310.5542 11.488
3312.6356 11.291
3314.7169 11.246
3316.7983 11.196
3318.8796 11.138
3320.9610 11.061
3323.0424 11.000
3325.1237 11.117
3327.2051 11.370
3329.2864 11.415
3331.3678 11.325
3333.4492 11.367
3335.5305 11.452
3337.6119 11.496
3339.6933 11.509
3341.7746 11.437
3343.8560 11.410
3345.9373 11.408
3348.0187 11.300
3350.1001 11.266
3352.1814 11.335
3354.2628 11.283
3356.3442 11.126
3358.4255 11.051
3360.5069 11.211
3362.5882 11.274
3364.6696 11.081
3366.7510 10.890
3368.8323 10.965
3370.9137 11.216
3372.9951 11.372
3375.0764 11.471
3377.1578 11.395
3379.2391 11.245
3381.3205 11.234
3383.4019 11.314
3385.4832 11.340
3387.5646 11.361
3389.6460 11.398
3391.7273 11.448
3393.8087 11.489
3395.8900 11.457
3397.9714 11.425
3400.0528 11.438
3402.1341 11.441
3404.2155 11.423
3406.2969 11.434
3408.3782 11.473
3410.4596 11.512
3412.5409 11.533
3414.6223 11.483
3416.7037 11.418
3418.7850 11.482
3420.8664 11.591
3422.9477 11.599
3425.0291 11.563
3427.1105 11.508
3429.1918 11.392
3431.2732 11.265
3433.3546 11.197
3435.4359 11.211
3437.5173 11.230
3439.5986 11.223
3441.6800 11.255
3443.7614 11.317
3445.8427 11.394
3447.9241 11.440
3450.0055 11.342
3452.0868 11.196
3454.1682 11.189
3456.2495 11.279
3458.3309 11.372
3460.4123 11.352
3462.4936 11.237
3464.5750 11.199
3466.6564 11.200
3468.7377 11.224
3470.8191 11.302
3472.9004 11.367
3474.9818 11.422
3477.0632 11.503
3479.1445 11.553
3481.2259 11.535
3483.3073 11.427
3485.3886 11.235
3487.4700 11.217
3489.5513 11.386
3491.6327 11.403
3493.7141 11.364
3495.7954 11.438
3497.8768 11.421
3499.9581 11.274
3502.0395 11.209
3504.1209 11.211
3506.2022 11.135
3508.2836 11.090
3510.3650 11.197
3512.4463 11.260
3514.5277 11.280
3516.6090 11.294
3518.6904 11.198
3520.7718 11.059
3522.8531 11.055
3524.9345 11.068
3527.0159 11.070
3529.0972 11.189
3531.1786 11.391
3533.2599 11.477
3535.3413 11.457
3537.4227 11.410
3539.5040 11.396
3541.5854 11.433
3543.6668 11.394
3545.7481 11.264
3547.8295 11.133
3549.9108 11.083
3551.9922 11.127
3554.0736 11.264
3556.1549 11.388
3558.2363 11.408
3560.3177 11.358
3562.3990 11.311
3564.4804 11.319
3566.5617 11.338
3568.6431 11.329
3570.7245 11.281
3572.8058 11.179
3574.8872 11.165
3576.9686 11.252
3579.0499 11.297
3581.1313 11.309
3583.2126 11.278
3585.2940 11.232
3587.3754 11.236
3589.4567 11.288
3591.5381 11.345
3593.6194 11.378
3595.7008 11.398
3597.7822 11.406
3599.8635 11.394
3601.9449 11.340
3604.0263 11.275
3606.1076 11.257
3608.1890 11.257
3610.2703 11.255
3612.3517 11.296
3614.4331 11.326
3616.5144 11.309
3618.5958 11.297
3620.6772 11.332
3622.7585 11.387
3624.8399 11.458
3626.9212 11.504
3629.0026 11.472
3631.0840 11.442
3633.1653 11.437
3635.2467 11.403
3637.3281 11.370
3639.4094 11.372
3641.4908 11.394
3643.5721 11.417
3645.6535 11.441
3647.7349 11.482
3649.8162 11.503
3651.8976 11.489
3653.9790 11.436
3656.0603 11.399
3658.1417 11.411
3660.2230 11.402
3662.3044 11.368
3664.3858 11.345
3666.4671 11.299
3668.5485 11.251
3670.6299 11.305
3672.7112 11.377
3674.7926 11.421
3676.8739 11.434
3678.9553 11.398
3681.0367 11.373
3683.1180 11.418
3685.1994 11.490
3687.2807 11.504
3689.3621 11.470
3691.4435 11.451
3693.5248 11.447
3695.6062 11.402
3697.6876 11.375
3699.7689 11.403
3701.8503 11.449
3703.9316 11.489
3706.0130 11.498
3708.0944 11.483
3710.1757 11.464
3712.2571 11.472
3714.3385 11.480
3716.4198 11.460
3718.5012 11.453
3720.5825 11.454
3722.6639 11.478
3724.7453 11.509
3726.8266 11.454
3728.9080 11.360
3730.9894 11.315
3733.0707 11.330
3735.1521 11.378
3737.2334 11.444
3739.3148 11.495
3741.3962 11.486
3743.4775 11.469
3745.5589 11.485
3747.6403 11.498
3749.7216 11.503
3751.8030 11.496
3753.8843 11.479
3755.9657 11.492
3758.0471 11.495
3760.1284 11.468
3762.2098 11.420
3764.2911 11.397
3766.3725 11.435
3768.4539 11.505
3770.5352 11.558
3772.6166 11.533
3774.6980 11.494
3776.7793 11.480
3778.8607 11.482
3780.9420 11.496
3783.0234 11.481
3785.1048 11.455
3787.1861 11.438
3789.2675 11.433
3791.3489 11.454
3793.4302 11.481
3795.5116 11.497
3797.5929 11.499
3799.6743 11.506
3801.7557 11.517
3803.8370 11.513
3805.9184 11.489
3807.9998 11.471
3810.0811 11.478
3812.1625 11.482
3814.2438 11.463
3816.3252 11.454
3818.4066 11.503
3820.4879 11.555
3822.5693 11.522
3824.6507 11.498
3826.7320 11.534
3828.8134 11.535
3830.8947 11.510
3832.9761 11.505
3835.0575 11.476
3837.1388 11.414
3839.2202 11.396
3841.3016 11.436
3843.3829 11.460
3845.4643 11.466
3847.5456 11.493
3849.6270 11.540
3851.7084 11.580
3853.7897 11.567
3855.8711 11.512
3857.9524 11.486
3860.0338 11.479
3862.1152 11.458
3864.1965 11.444
3866.2779 11.452
3868.3593 11.487
3870.4406 11.519
3872.5220 11.525
3874.6033 11.539
3876.6847 11.578
3878.7661 11.628
3880.8474 11.635
3882.9288 11.576
3885.0102 11.509
3887.0915 11.470
3889.1729 11.485
3891.2542 11.531
3893.3356 11.558
3895.4170 11.554
3897.4983 11.527
3899.5797 11.543
3901.6611 11.578
3903.7424 11.558
3905.8238 11.507
3907.9051 11.463
3909.9865 11.483
3912.0679 11.547
3914.1492 11.593
3916.2306 11.606
3918.3120 11.591
3920.3933 11.588
3922.4747 11.603
3924.5560 11.594
3926.6374 11.576
3928.7188 11.571
3930.8001 11.568
3932.8815 11.566
3934.9628 11.565
3937.0442 11.566
3939.1256 11.567
3941.2069 11.578
3943.2883 11.606
3945.3697 11.602
3947.4510 11.575
3949.5324 11.580
3951.6137 11.621
3953.6951 11.660
3955.7765 11.662
3957.8578 11.656
3959.9392 11.671
3962.0206 11.676
3964.1019 11.658
3966.1833 11.674
3968.2646 11.729
3970.3460 11.738
3972.4274 11.704
3974.5087 11.685
3976.5901 11.677
3978.6715 11.647
3980.7528 11.606
3982.8342 11.584
3984.9155 11.595
3986.9969 11.614
3989.0783 11.619
3991.1596 11.617
3993.2410 11.614
3995.3224 11.596
3997.4037 11.555
3999.4851 11.525
4001.5664 11.521
4003.6478 11.528
4005.7292 11.537
4007.8105 11.544
4009.8919 11.545
4011.9733 11.552
4014.0546 11.580
4016.1360 11.610
4018.2173 11.624
4020.2987 11.598
4022.3801 11.560
4024.4614 11.572
4026.5428 11.607
4028.6241 11.616
4030.7055 11.585
4032.7869 11.553
4034.8682 11.557
4036.9496 11.570
4039.0310 11.571
4041.1123 11.580
4043.1937 11.584
4045.2750 11.557
4047.3564 11.542
4049.4378 11.557
4051.5191 11.557
4053.6005 11.549
4055.6819 11.556
4057.7632 11.555
4059.8446 11.547
4061.9259 11.545
4064.0073 11.560
4066.0887 11.597
4068.1700 11.628
4070.2514 11.633
4072.3328 11.626
4074.4141 11.610
4076.4955 11.599
4078.5768 11.614
4080.6582 11.632
4082.7396 11.631
4084.8209 11.630
4086.9023 11.638
4088.9837 11.652
4091.0650 11.662
4093.1464 11.678
4095.2277 11.724
4097.3091 11.777
4099.3905 11.813
4101.4718 11.826
4103.5532 11.831
4105.6345 11.837
4107.7159 11.812
4109.7973 11.754
4111.8786 11.702
4113.9600 11.677
4116.0414 11.677
4118.1227 11.689
4120.2041 11.698
4122.2854 11.679
4124.3668 11.650
4126.4482 11.650
4128.5295 11.657
4130.6109 11.653
4132.6923 11.649
4134.7736 11.647
4136.8550 11.656
4138.9363 11.671
4141.0177 11.678
4143.0991 11.678
4145.1804 11.678
4147.2618 11.680
4149.3432 11.669
4151.4245 11.651
4153.5059 11.644
4155.5872 11.644
4157.6686 11.628
4159.7500 11.606
4161.8313 11.592
4163.9127 11.595
4165.9941 11.614
4168.0754 11.616
4170.1568 11.608
4172.2381 11.621
4174.3195 11.632
4176.4009 11.634
4178.4822 11.635
4180.5636 11.631
4182.6450 11.635
4184.7263 11.658
4186.8077 11.700
4188.8890 11.733
4190.9704 11.738
4193.0518 11.732
4195.1331 11.731
4197.2145 11.744
4199.2958 11.753
4201.3772 11.745
4203.4586 11.734
4205.5399 11.727
4207.6213 11.718
4209.7027 11.712
4211.7840 11.705
4213.8654 11.695
4215.9467 11.693
4218.0281 11.700
4220.1095 11.693
4222.1908 11.667
4224.2722 11.638
4226.3536 11.626
4228.4349 11.638
4230.5163 11.659
4232.5976 11.675
4234.6790 11.675
4236.7604 11.664
4238.8417 11.661
4240.9231 11.660
4243.0045 11.644
4245.0858 11.629
4247.1672 11.633
4249.2485 11.652
4251.3299 11.673
4253.4113 11.684
4255.4926 11.684
4257.5740 11.678
4259.6554 11.678
4261.7367 11.680
4263.8181 11.681
4265.8994 11.662
4267.9808 11.631
4270.0622 11.619
4272.1435 11.626
4274.2249 11.652
4276.3063 11.672
4278.3876 11.664
4280.4690 11.654
4282.5503 11.647
4284.6317 11.627
4286.7131 11.621
4288.7944 11.650
4290.8758 11.675
4292.9571 11.688
4295.0385 11.701
4297.1199 11.706
4299.2012 11.689
4301.2826 11.678
4303.3640 11.686
4305.4453 11.696
4307.5267 11.700
4309.6080 11.705
4311.6894 11.705
4313.7708 11.697
4315.8521 11.691
4317.9335 11.691
4320.0149 11.694
4322.0962 11.693
4324.1776 11.693
4326.2589 11.710
4328.3403 11.741
4330.4217 11.786
4332.5030 11.839
4334.5844 11.878
4336.6658 11.886
4338.7471 11.886
4340.8285 11.895
4342.9098 11.885
4344.9912 11.846
4347.0726 11.794
4349.1539 11.752
4351.2353 11.726
4353.3167 11.707
4355.3980 11.696
4357.4794 11.697
4359.5607 11.698
4361.6421 11.697
4363.7235 11.692
4365.8048 11.691
4367.8862 11.721
4369.9675 11.751
4372.0489 11.729
4374.1303 11.712
4376.2116 11.724
4378.2930 11.716
4380.3744 11.702
4382.4557 11.724
4384.5371 11.751
4386.6184 11.757
4388.6998 11.750
4390.7812 11.732
4392.8625 11.711
4394.9439 11.704
4397.0253 11.708
4399.1066 11.712
4401.1880 11.717
4403.2693 11.717
4405.3507 11.707
4407.4321 11.699
4409.5134 11.685
4411.5948 11.674
4413.6762 11.680
4415.7575 11.689
4417.8389 11.683
4419.9202 11.665
4422.0016 11.657
4424.0830 11.668
4426.1643 11.678
4428.2457 11.693
4430.3271 11.703
4432.4084 11.699
4434.4898 11.692
4436.5711 11.697
4438.6525 11.706
4440.7339 11.716
4442.8152 11.724
4444.8966 11.719
4446.9780 11.713
4449.0593 11.722
4451.1407 11.737
4453.2220 11.739
4455.3034 11.721
4457.3848 11.731
4459.4661 11.768
4461.5475 11.794
4463.6288 11.811
4465.7102 11.841
4467.7916 11.857
4469.8729 11.859
4471.9543 11.853
4474.0357 11.831
4476.1170 11.795
4478.1984 11.764
4480.2797 11.746
4482.3611 11.732
4484.4425 11.723
4486.5238 11.718
4488.6052 11.719
4490.6866 11.732
4492.7679 11.768
4494.8493 11.798
4496.9306 11.787
4499.0120 11.767
4501.0934 11.758
4503.1747 11.766
4505.2561 11.774
4507.3375 11.763
4509.4188 11.744
4511.5002 11.739
4513.5815 11.741
4515.6629 11.748
4517.7443 11.767
4519.8256 11.778
4521.9070 11.766
4523.9884 11.737
4526.0697 11.726
4528.1511 11.751
4530.2324 11.783
4532.3138 11.817
4534.3952 11.852
4536.4765 11.870
4538.5579 11.880
4540.6392 11.897
4542.7206 11.905
4544.8020 11.893
4546.8833 11.876
4548.9647 11.853
4551.0461 11.834
4553.1274 11.829
4555.2088 11.831
4557.2901 11.826
4559.3715 11.819
4561.4529 11.815
4563.5342 11.810
4565.6156 11.807
4567.6970 11.810
4569.7783 11.814
4571.8597 11.806
4573.9410 11.799
4576.0224 11.807
4578.1038 11.819
4580.1851 11.826
4582.2665 11.820
4584.3479 11.815
4586.4292 11.821
4588.5106 11.843
4590.5919 11.859
4592.6733 11.835
4594.7547 11.815
4596.8360 11.817
4598.9174 11.820
4600.9988 11.820
4603.0801 11.826
4605.1615 11.831
4607.2428 11.834
4609.3242 11.834
4611.4056 11.821
4613.4869 11.795
4615.5683 11.800
4617.6497 11.830
4619.7310 11.832
4621.8124 11.819
4623.8937 11.816
4625.9751 11.832
4628.0565 11.857
4630.1378 11.882
4632.2192 11.894
4634.3005 11.882
4636.3819 11.879
4638.4633 11.884
4640.5446 11.880
4642.6260 11.862
4644.7074 11.839
4646.7887 11.836
4648.8701 11.845
4650.9514 11.854
4653.0328 11.854
4655.1142 11.848
4657.1955 11.840
4659.2769 11.846
4661.3583 11.868
4663.4396 11.875
4665.5210 11.866
4667.6023 11.849
4669.6837 11.838
4671.7651 11.839
4673.8464 11.848
4675.9278 11.870
4678.0092 11.915
4680.0905 11.968
4682.1719 12.017
4684.2532 12.067
4686.3346 12.076
4688.4160 12.035
4690.4973 11.994
4692.5787 11.969
4694.6601 11.960
4696.7414 11.930
4698.8228 11.892
4700.9041 11.893
4702.9855 11.898
4705.0669 11.886
4707.1482 11.888
4709.2296 11.901
4711.3109 11.913
4713.3923 11.922
4715.4737 11.918
4717.5550 11.906
4719.6364 11.894
4721.7178 11.887
4723.7991 11.887
4725.8805 11.891
4727.9618 11.874
4730.0432 11.852
4732.1246 11.860
4734.2059 11.887
4736.2873 11.898
4738.3687 11.879
4740.4500 11.871
4742.5314 11.884
4744.6127 11.881
4746.6941 11.866
4748.7755 11.857
4750.8568 11.865
4752.9382 11.888
4755.0196 11.913
4757.1009 11.925
4759.1823 11.918
4761.2636 11.886
4763.3450 11.863
4765.4264 11.876
4767.5077 11.891
4769.5891 11.882
4771.6705 11.862
4773.7518 11.868
4775.8332 11.884
4777.9145 11.886
4779.9959 11.879
4782.0773 11.869
4784.1586 11.872
4786.2400 11.888
4788.3214 11.909
4790.4027 11.908
4792.4841 11.889
4794.5654 11.870
4796.6468 11.870
4798.7282 11.895
4800.8095 11.920
4802.8909 11.933
4804.9722 11.931
4807.0536 11.915
4809.1350 11.902
4811.2163 11.886
4813.2977 11.861
4815.3791 11.852
4817.4604 11.867
4819.5418 11.894
4821.6231 11.907
4823.7045 11.916
4825.7859 11.922
4827.8672 11.891
4829.9486 11.888
4832.0300 11.917
4834.1113 11.921
4836.1927 11.923
4838.2740 11.932
4840.3554 11.937
4842.4368 11.946
4844.5181 11.951
4846.5995 11.952
4848.6809 11.953
4850.7622 11.947
4852.8436 11.974
4854.9249 12.042
4857.0063 12.101
4859.0877 12.156
4861.1690 12.205
4863.2504 12.207
4865.3318 12.163
4867.4131 12.107
4869.4945 12.063
4871.5758 12.032
4873.6572 12.002
4875.7386 11.987
4877.8199 11.982
4879.9013 11.981
4881.9827 11.976
4884.0640 11.950
4886.1454 11.946
4888.2267 11.964
4890.3081 11.972
4892.3895 11.946
4894.4708 11.914
4896.5522 11.923
4898.6335 11.943
4900.7149 11.948
4902.7963 11.933
4904.8776 11.906
4906.9590 11.896
4909.0404 11.908
4911.1217 11.922
4913.2031 11.940
4915.2844 11.962
4917.3658 11.981
4919.4472 11.990
4921.5285 11.995
4923.6099 11.992
4925.6913 11.960
4927.7726 11.931
4929.8540 11.918
4931.9353 11.928
4934.0167 11.944
4936.0981 11.949
4938.1794 11.960
4940.2608 11.975
4942.3422 11.978
4944.4235 11.961
4946.5049 11.938
4948.5862 11.928
4950.6676 11.925
4952.7490 11.924
4954.8303 11.925
4956.9117 11.931
4958.9931 11.953
4961.0744 11.966
4963.1558 11.969
4965.2371 11.968
4967.3185 11.964
4969.3999 11.959
4971.4812 11.958
4973.5626 11.964
4975.6439 11.972
4977.7253 11.976
4979.8067 11.975
4981.8880 11.977
4983.9694 11.977
4986.0508 11.977
4988.1321 11.980
4990.2135 11.970
4992.2948 11.967
4994.3762 11.988
4996.4576 11.990
4998.5389 11.967
5000.6203 11.953
5002.7017 11.954
5004.7830 11.966
5006.8644 11.972
5008.9457 11.965
5011.0271 11.960
5013.1085 11.976
5015.1898 12.002
5017.2712 12.015
5019.3526 12.015
5021.4339 12.007
5023.5153 12.018
5025.5966 12.020
5027.6780 12.004
5029.7594 12.000
5031.8407 12.001
5033.9221 11.991
5036.0035 12.008
5038.0848 12.028
5040.1662 11.999
5042.2475 11.987
5044.3289 12.001
5046.4103 12.010
5048.4916 12.015
5050.5730 12.013
5052.6544 12.004
5054.7357 11.998
5056.8171 12.007
5058.8984 12.011
5060.9798 11.998
5063.0612 11.982
5065.1425 11.979
5067.2239 11.989
5069.3052 12.009
5071.3866 12.026
5073.4680 12.020
5075.5493 12.008
5077.6307 12.001
5079.7121 12.007
5081.7934 12.021
5083.8748 12.044
5085.9561 12.075
5088.0375 12.091
5090.1189 12.083
5092.2002 12.058
5094.2816 12.038
5096.3630 12.045
5098.4443 12.055
5100.5257 12.049
5102.6070 12.026
5104.6884 12.025
5106.7698 12.056
5108.8511 12.082
5110.9325 12.094
5113.0139 12.088
5115.0952 12.083
5117.1766 12.091
5119.2579 12.102
5121.3393 12.102
5123.4207 12.089
5125.5020 12.094
5127.5834 12.105
5129.6648 12.094
5131.7461 12.067
5133.8275 12.041
5135.9088 12.048
5137.9902 12.076
5140.0716 12.104
5142.1529 12.119
5144.2343 12.115
5146.3156 12.090
5148.3970 12.076
5150.4784 12.075
5152.5597 12.077
5154.6411 12.093
5156.7225 12.107
5158.8038 12.111
5160.8852 12.100
5162.9665 12.076
5165.0479 12.062
5167.1293 12.063
5169.2106 12.084
5171.2920 12.115
5173.3734 12.111
5175.4547 12.084
5177.5361 12.069
5179.6174 12.071
5181.6988 12.083
5183.7802 12.078
5185.8615 12.070
5187.9429 12.084
5190.0243 12.097
5192.1056 12.086
5194.1870 12.074
5196.2683 12.078
5198.3497 12.083
5200.4311 12.078
5202.5124 12.081
5204.5938 12.095
5206.6752 12.097
5208.7565 12.084
5210.8379 12.076
5212.9192 12.079
5215.0006 12.078
5217.0820 12.076
5219.1633 12.081
5221.2447 12.085
5223.3261 12.087
5225.4074 12.104
5227.4888 12.116
5229.5701 12.097
5231.6515 12.075
5233.7329 12.078
5235.8142 12.077
5237.8956 12.060
5239.9769 12.067
5242.0583 12.091
5244.1397 12.100
5246.2210 12.100
5248.3024 12.108
5250.3838 12.116
5252.4651 12.116
5254.5465 12.112
5256.6278 12.115
5258.7092 12.113
5260.7906 12.102
5262.8719 12.100
5264.9533 12.097
5267.0347 12.083
5269.1160 12.080
5271.1974 12.091
5273.2787 12.082
5275.3601 12.058
5277.4415 12.059
5279.5228 12.088
5281.6042  0.000
5283.6856  0.000
5285.7669  0.000
5287.8483  0.000
5289.9296  0.000
5292.0110  0.000
5294.0924  0.000
5296.1737  0.000
5298.2551  0.000
5300.3365  0.000
5302.4178  0.000
5304.4992  0.000
5306.5805  0.000
5308.6619  0.000
5310.7433  0.000
5312.8246  0.000
5314.9060  0.000
5316.9874  0.000
5319.0687  0.000
5321.1501  0.000
5323.2314  0.000
5325.3128  0.000
5327.3942  0.000
5329.4755  0.000
5331.5569  0.000
5333.6382  0.000
5335.7196  0.000
5337.8010  0.000
5339.8823  0.000
5341.9637  0.000
5344.0451  0.000
5346.1264  0.000
5348.2078  0.000
5350.2891  0.000
5352.3705  0.000
5354.4519  0.000
5356.5332  0.000
5358.6146  0.000
5360.6960  0.000
5362.7773  0.000
5364.8587  0.000
5366.9400  0.000
5369.0214  0.000
5371.1028  0.000
5373.1841  0.000
5375.2655  0.000
5377.3469  0.000
5379.4282  0.000
5381.5096  0.000
5383.5909  0.000
5385.6723  0.000
5387.7537  0.000
5389.8350  0.000
5391.9164  0.000
5393.9978  0.000
5396.0791  0.000
5398.1605  0.000
5400.2418  0.000
5402.3232  0.000
5404.4046  0.000
5406.4859  0.000
5408.5673  0.000
5410.6486  0.000
5412.7300  0.000
5414.8114  0.000
5416.8927  0.000
5418.9741  0.000
5421.0555  0.000
5423.1368  0.000
5425.2182  0.000
5427.2995  0.000
5429.3809  0.000
5431.4623  0.000
5433.5436  0.000
5435.6250  0.000
5437.7064  0.000
5439.7877  0.000
5441.8691  0.000
5443.9504  0.000
5446.0318  0.000
5448.1132  0.000
5450.1945  0.000
5452.2759  0.000
5454.3573  0.000
5456.4386  0.000
5458.5200  0.000
5460.6013  0.000
5462.6827  0.000
5464.7641  0.000
5466.8454  0.000
5468.9268  0.000
5471.0082  0.000
5473.0895  0.000
5475.1709  0.000
5477.2522  0.000
5479.3336  0.000
5481.4150  0.000
5483.4963  0.000
5485.5777  0.000
5487.6591  0.000
5489.7404  0.000
5491.8218  0.000
5493.9031  0.000
5495.9845  0.000
5498.0659  0.000
5500.1472  0.000
5502.2286  0.000
5504.3099  0.000
5506.3913  0.000
5508.4727  0.000
5510.5540  0.000
5512.6354  0.000
5514.7168  0.000
5516.7981  0.000
5518.8795  0.000
5520.9608  0.000
5523.0422  0.000
5525.1236  0.000
5527.2049  0.000
5529.2863  0.000
5531.3677  0.000
5533.4490  0.000
5535.5304  0.000
5537.6117  0.000
5539.6931  0.000
5541.7745  0.000
5543.8558 12.150
5545.9372 12.161
5548.0186 12.170
5550.0999 12.178
5552.1813 12.184
5554.2626 12.185
5556.3440 12.176
5558.4254 12.151
5560.5067 12.125
5562.5881 12.114
5564.6695 12.117
5566.7508 12.130
5568.8322 12.143
5570.9135 12.151
5572.9949 12.154
5575.0763 12.148
5577.1576 12.134
5579.2390 12.124
5581.3203 12.118
5583.4017 12.116
5585.4831 12.122
5587.5644 12.139
5589.6458 12.153
5591.7272 12.158
5593.8085 12.157
5595.8899 12.163
5597.9712 12.179
5600.0526 12.200
5602.1340 12.211
5604.2153 12.204
5606.2967 12.199
5608.3781 12.195
5610.4594 12.191
5612.5408 12.185
5614.6221 12.184
5616.7035 12.186
5618.7849 12.186
5620.8662 12.179
5622.9476 12.186
5625.0290 12.193
5627.1103 12.190
5629.1917 12.179
5631.2730 12.176
5633.3544 12.172
5635.4358 12.168
5637.5171 12.173
5639.5985 12.173
5641.6799 12.178
5643.7612 12.187
5645.8426 12.196
5647.9239 12.203
5650.0053 12.217
5652.0867 12.232
5654.1680 12.242
5656.2494 12.252
5658.3308 12.253
5660.4121 12.249
5662.4935 12.241
5664.5748 12.241
5666.6562 12.241
5668.7376 12.239
5670.8189 12.232
5672.9003 12.216
5674.9816 12.204
5677.0630 12.196
5679.1444 12.194
5681.2257 12.192
5683.3071 12.195
5685.3885 12.199
5687.4698 12.204
5689.5512 12.213
5691.6325 12.209
5693.7139 12.201
5695.7953 12.194
5697.8766 12.192
5699.9580 12.197
5702.0394 12.202
5704.1207 12.206
5706.2021 12.210
5708.2834 12.213
5710.3648 12.209
5712.4462 12.208
5714.5275 12.210
5716.6089 12.210
5718.6903 12.212
5720.7716 12.220
5722.8530 12.230
5724.9343 12.223
5727.0157 12.225
5729.0971 12.227
5731.1784 12.227
5733.2598 12.225
5735.3412 12.210
5737.4225 12.198
5739.5039 12.197
5741.5852 12.212
5743.6666 12.234
5745.7480 12.245
5747.8293 12.242
5749.9107 12.226
5751.9920 12.222
5754.0734 12.219
5756.1548 12.220
5758.2361 12.224
5760.3175 12.237
5762.3989 12.243
5764.4802 12.243
5766.5616 12.240
5768.6429 12.246
5770.7243 12.252
5772.8057 12.250
5774.8870 12.242
5776.9684 12.239
5779.0498 12.239
5781.1311 12.240
5783.2125 12.245
5785.2938 12.253
5787.3752 12.259
5789.4566 12.262
5791.5379 12.260
5793.6193 12.247
5795.7007 12.233
5797.7820 12.230
5799.8634 12.231
5801.9447 12.231
5804.0261 12.227
5806.1075 12.226
5808.1888 12.229
5810.2702 12.234
5812.3516 12.227
5814.4329 12.227
5816.5143 12.234
5818.5956 12.246
5820.6770 12.262
5822.7584 12.269
5824.8397 12.267
5826.9211 12.260
5829.0025 12.253
5831.0838 12.253
5833.1652 12.266
5835.2465 12.279
5837.3279 12.283
5839.4093 12.269
5841.4906 12.247
5843.5720 12.249
5845.6533 12.277
5847.7347 12.261
5849.8161 12.257
5851.8974 12.262
5853.9788 12.269
5856.0602 12.262
5858.1415 12.255
5860.2229 12.250
5862.3042 12.248
5864.3856 12.253
5866.4670 12.277
5868.5483 12.295
5870.6297 12.312
5872.7111 12.335
5874.7924 12.362
5876.8738 12.362
5878.9551 12.344
5881.0365 12.320
5883.1179 12.308
5885.1992 12.296
5887.2806 12.288
5889.3620 12.286
5891.4433 12.287
5893.5247 12.298
5895.6060 12.308
5897.6874 12.312
5899.7688 12.303
5901.8501 12.287
5903.9315 12.270
5906.0129 12.259
5908.0942 12.263
5910.1756 12.282
5912.2569 12.294
5914.3383 12.296
5916.4197 12.290
5918.5010 12.287
5920.5824 12.283
5922.6638 12.282
5924.7451 12.289
5926.8265 12.300
5928.9078 12.295
5930.9892 12.287
5933.0706 12.280
5935.1519 12.277
5937.2333 12.280
5939.3146 12.285
5941.3960 12.289
5943.4774 12.285
5945.5587 12.280
5947.6401 12.281
5949.7215 12.286
5951.8028 12.287
5953.8842 12.289
5955.9655 12.295
5958.0469 12.299
5960.1283 12.296
5962.2096 12.298
5964.2910 12.301
5966.3724 12.305
5968.4537 12.308
5970.5351 12.310
5972.6164 12.305
5974.6978 12.299
5976.7792 12.296
5978.8605 12.299
5980.9419 12.297
5983.0233 12.291
5985.1046 12.286
5987.1860 12.291
5989.2673 12.299
5991.3487 12.300
5993.4301 12.298
5995.5114 12.299
5997.5928 12.315
5999.6742 12.324
6001.7555 12.327
6003.8369 12.330
6005.9182 12.339
6007.9996 12.339
6010.0810 12.335
6012.1623 12.332
6014.2437 12.329
6016.3250 12.329
6018.4064 12.330
6020.4878 12.331
6022.5691 12.333
6024.6505 12.344
6026.7319 12.355
6028.8132 12.359
6030.8946 12.350
6032.9759 12.347
6035.0573 12.350
6037.1387 12.356
6039.2200 12.354
6041.3014 12.348
6043.3828 12.343
6045.4641 12.339
6047.5455 12.335
6049.6268 12.340
6051.7082 12.347
6053.7896 12.351
6055.8709 12.350
6057.9523 12.350
6060.0337 12.350
6062.1150 12.346
6064.1964 12.341
6066.2777 12.346
6068.3591 12.349
6070.4405 12.343
6072.5218 12.331
6074.6032 12.320
6076.6846 12.313
6078.7659 12.313
6080.8473 12.318
6082.9286 12.324
6085.0100 12.340
6087.0914 12.354
6089.1727 12.362
6091.2541 12.361
6093.3355 12.368
6095.4168 12.371
6097.4982 12.369
6099.5795 12.365
6101.6609 12.367
6103.7423 12.360
6105.8236 12.355
6107.9050 12.355
6109.9863 12.361
6112.0677 12.364
6114.1491 12.362
6116.2304 12.357
6118.3118 12.362
6120.3932 12.381
6122.4745 12.388
6124.5559 12.383
6126.6372 12.375
6128.7186 12.362
6130.8000 12.359
6132.8813 12.366
6134.9627 12.385
6137.0441 12.400
6139.1254 12.404
6141.2068 12.401
6143.2881 12.398
6145.3695 12.397
6147.4509 12.392
6149.5322 12.382
6151.6136 12.372
6153.6950 12.365
6155.7763 12.370
6157.8577 12.376
6159.9390 12.380
6162.0204 12.383
6164.1018 12.384
6166.1831 12.381
6168.2645 12.380
6170.3459 12.386
6172.4272 12.399
6174.5086 12.404
6176.5899 12.399
6178.6713 12.385
6180.7527 12.374
6182.8340 12.364
6184.9154 12.356
6186.9967 12.354
6189.0781 12.370
6191.1595 12.380
6193.2408 12.384
6195.3222 12.382
6197.4036 12.376
6199.4849 12.372
6201.5663 12.371
6203.6476 12.369
6205.7290 12.361
6207.8104 12.362
6209.8917 12.370
6211.9731 12.385
6214.0545 12.405
6216.1358 12.419
6218.2172 12.424
6220.2985 12.423
6222.3799 12.415
6224.4613 12.399
6226.5426 12.394
6228.6240 12.401
6230.7054 12.418
6232.7867 12.416
6234.8681 12.404
6236.9494 12.398
6239.0308 12.401
6241.1122 12.412
6243.1935 12.426
6245.2749 12.439
6247.3563 12.448
6249.4376 12.453
6251.5190 12.454
6253.6003 12.446
6255.6817 12.433
6257.7631 12.418
6259.8444 12.421
6261.9258 12.428
6264.0072 12.434
6266.0885 12.437
6268.1699 12.440
6270.2512 12.446
6272.3326 12.454
6274.4140 12.462
6276.4953 12.471
6278.5767 12.473
6280.6580 12.471
6282.7394 12.466
6284.8208 12.460
6286.9021 12.457
6288.9835 12.458
6291.0649 12.458
6293.1462 12.452
6295.2276 12.441
6297.3089 12.429
6299.3903 12.417
6301.4717 12.411
6303.5530 12.430
6305.6344 12.447
6307.7158 12.452
6309.7971 12.443
6311.8785 12.423
6313.9598 12.418
6316.0412 12.426
6318.1226 12.441
6320.2039 12.442
6322.2853 12.429
6324.3667 12.422
6326.4480 12.426
6328.5294 12.446
6330.6107 12.450
6332.6921 12.449
6334.7735 12.447
6336.8548 12.449
6338.9362 12.440
6341.0176 12.428
6343.0989 12.417
6345.1803 12.409
6347.2616 12.409
6349.3430 12.412
6351.4244 12.416
6353.5057 12.420
6355.5871 12.425
6357.6685 12.432
6359.7498 12.438
6361.8312 12.441
6363.9125 12.437
6365.9939 12.434
6368.0753 12.433
6370.1566 12.434
6372.2380 12.435
6374.3193 12.442
6376.4007 12.448
6378.4821 12.453
6380.5634 12.454
6382.6448 12.458
6384.7262 12.456
6386.8075 12.449
6388.8889 12.440
6390.9702 12.450
6393.0516 12.450
6395.1330 12.446
6397.2143 12.441
6399.2957 12.442
6401.3771 12.448
6403.4584 12.453
6405.5398 12.456
6407.6211 12.455
6409.7025 12.454
6411.7839 12.456
6413.8652 12.457
6415.9466 12.450
6418.0280 12.444
6420.1093 12.443
6422.1907 12.446
6424.2720 12.450
6426.3534 12.455
6428.4348 12.462
6430.5161 12.465
6432.5975 12.459
6434.6789 12.455
6436.7602 12.459
6438.8416 12.465
6440.9229 12.469
6443.0043 12.465
6445.0857 12.457
6447.1670 12.451
6449.2484 12.451
6451.3297 12.458
6453.4111 12.460
6455.4925 12.458
6457.5738 12.452
6459.6552 12.450
6461.7366 12.458
6463.8179 12.469
6465.8993 12.477
6467.9806 12.473
6470.0620 12.465
6472.1434 12.464
6474.2247 12.469
6476.3061 12.477
6478.3875 12.480
6480.4688 12.484
6482.5502 12.487
6484.6315 12.487
6486.7129 12.487
6488.7943 12.491
6490.8756 12.493
6492.9570 12.494
6495.0384 12.494
6497.1197 12.497
6499.2011 12.502
6501.2824 12.506
6503.3638 12.505
6505.4452 12.500
6507.5265 12.495
6509.6079 12.495
6511.6893 12.500
6513.7706 12.503
6515.8520 12.502
6517.9333 12.499
6520.0147 12.501
6522.0961 12.509
6524.1774 12.513
6526.2588 12.508
6528.3402 12.496
6530.4215 12.487
6532.5029 12.486
6534.5842 12.491
6536.6656 12.500
6538.7470 12.510
6540.8283 12.517
6542.9097 12.519
6544.9910 12.518
6547.0724 12.528
6549.1538 12.554
6551.2351 12.580
6553.3165 12.599
6555.3979 12.609
6557.4792 12.628
6559.5606 12.647
6561.6419 12.659
6563.7233 12.655
6565.8047 12.646
6567.8860 12.623
6569.9674 12.593
6572.0488 12.563
6574.1301 12.544
6576.2115 12.534
6578.2928 12.531
6580.3742 12.533
6582.4556 12.531
6584.5369 12.526
6586.6183 12.521
6588.6997 12.516
6590.7810 12.509
6592.8624 12.503
6594.9437 12.499
6597.0251 12.495
6599.1065 12.489
6601.1878 12.497
6603.2692 12.511
6605.3506 12.525
6607.4319 12.533
6609.5133 12.529
6611.5946 12.516
6613.6760 12.499
6615.7574 12.483
6617.8387 12.478
6619.9201 12.476
6622.0014 12.472
6624.0828 12.467
6626.1642 12.460
6628.2455 12.464
6630.3269 12.473
6632.4083 12.486
6634.4896 12.499
6636.5710 12.508
6638.6523 12.512
6640.7337 12.512
6642.8151 12.513
6644.8964 12.511
6646.9778 12.513
6649.0592 12.517
6651.1405 12.519
6653.2219 12.504
6655.3032 12.487
6657.3846 12.480
6659.4660 12.492
6661.5473 12.516
6663.6287 12.530
6665.7101 12.537
6667.7914 12.538
6669.8728 12.534
6671.9541 12.532
6674.0355 12.538
6676.1169 12.548
6678.1982 12.560
6680.2796 12.566
6682.3610 12.564
6684.4423 12.556
6686.5237 12.542
6688.6050 12.533
6690.6864 12.519
6692.7678 12.505
6694.8491 12.496
6696.9305 12.492
6699.0119 12.493
6701.0932 12.497
6703.1746 12.502
6705.2559 12.503
6707.3373 12.509
6709.4187 12.517
6711.5000 12.522
6713.5814 12.521
6715.6627 12.514
6717.7441 12.509
6719.8255 12.507
6721.9068 12.503
6723.9882 12.499
6726.0696 12.502
6728.1509 12.506
6730.2323 12.500
6732.3136 12.495
6734.3950 12.497
6736.4764 12.503
6738.5577 12.508
6740.6391 12.508
6742.7205 12.506
6744.8018 12.504
6746.8832 12.503
6748.9645 12.502
6751.0459 12.502
6753.1273 12.503
6755.2086 12.508
6757.2900 12.516
6759.3714 12.523
6761.4527 12.527
6763.5341 12.528
6765.6154 12.522
6767.6968 12.510
6769.7782 12.500
6771.8595 12.499
6773.9409 12.509
6776.0223 12.517
6778.1036 12.516
6780.1850 12.513
6782.2663 12.514
6784.3477 12.527
6786.4291 12.537
6788.5104 12.538
6790.5918 12.525
6792.6731 12.505
6794.7545 12.496
6796.8359 12.498
6798.9172 12.511
6800.9986 12.531
6803.0800 12.539
6805.1613 12.533
6807.2427 12.520
6809.3240 12.510
6811.4054 12.520
6813.4868 12.533
6815.5681 12.537
6817.6495 12.519
6819.7309 12.494
6821.8122 12.487
6823.8936 12.494
6825.9749 12.511
6828.0563 12.526
6830.1377 12.530
6832.2190 12.523
6834.3004 12.510
6836.3818 12.501
6838.4631 12.501
6840.5445 12.503
6842.6258 12.504
6844.7072 12.498
6846.7886 12.484
6848.8699 12.475
6850.9513 12.472
6853.0327 12.477
6855.1140 12.492
6857.1954 12.510
6859.2767 12.535
6861.3581 12.572
6863.4395 12.632
6865.5208 12.688
6867.6022 12.733
6869.6836 12.762
6871.7649 12.778
6873.8463 12.760
6875.9276 12.721
6878.0090 12.672
6880.0904 12.645
6882.1717 12.640
6884.2531 12.649
6886.3344 12.665
6888.4158 12.674
6890.4972 12.681
6892.5785 12.682
6894.6599 12.676
6896.7413 12.665
6898.8226 12.650
6900.9040 12.633
6902.9853 12.617
6905.0667 12.609
6907.1481 12.604
6909.2294 12.593
6911.3108 12.579
6913.3922 12.568
6915.4735 12.569
6917.5549 12.567
6919.6362 12.567
6921.7176 12.570
6923.7990 12.575
6925.8803 12.572
6927.9617 12.565
6930.0431 12.558
6932.1244 12.553
6934.2058 12.564
6936.2871 12.573
6938.3685 12.571
6940.4499 12.553
6942.5312 12.538
6944.6126 12.529
6946.6940 12.528
6948.7753 12.535
6950.8567 12.537
6952.9380 12.543
6955.0194 12.550
6957.1008 12.553
6959.1821 12.530
6961.2635 12.508
6963.3449 12.501
6965.4262 12.515
6967.5076 12.539
6969.5889 12.540
6971.6703 12.533
6973.7517 12.527
6975.8330 12.534
6977.9144 12.541
6979.9957 12.545
6982.0771 12.547
6984.1585 12.548
6986.2398 12.545
6988.3212 12.540
6990.4026 12.536
6992.4839 12.537
6994.5653 12.535
6996.6466 12.533
6998.7280 12.531
7000.8094 12.529
7002.8907 12.524
7004.9721 12.517
7007.0535 12.516
7009.1348 12.524
7011.2162 12.542
7013.2975 12.553
7015.3789 12.556
7017.4603 12.551
7019.5416 12.541
7021.6230 12.535
7023.7044 12.536
7025.7857 12.542
7027.8671 12.555
7029.9484 12.562
7032.0298 12.567
7034.1112 12.571
7036.1925 12.578
7038.2739 12.574
7040.3553 12.557
7042.4366 12.542
7044.5180 12.535
7046.5993 12.539
7048.6807 12.538
7050.7621 12.534
7052.8434 12.531
7054.9248 12.538
7057.0061 12.542
7059.0875 12.548
7061.1689 12.558
7063.2502 12.575
7065.3316 12.582
7067.4130 12.580
7069.4943 12.574
7071.5757 12.568
7073.6570 12.568
7075.7384 12.564
7077.8198 12.557
7079.9011 12.547
7081.9825 12.536
7084.0639 12.526
7086.1452 12.519
7088.2266 12.520
7090.3079 12.539
7092.3893 12.557
7094.4707 12.565
7096.5520 12.561
7098.6334 12.551
7100.7148 12.542
7102.7961 12.532
7104.8775 12.525
7106.9588 12.524
7109.0402 12.532
7111.1216 12.540
7113.2029 12.547
7115.2843 12.552
7117.3657 12.550
7119.4470 12.546
7121.5284 12.543
7123.6097 12.543
7125.6911 12.541
7127.7725 12.542
7129.8538 12.549
7131.9352 12.564
7134.0166 12.569
7136.0979 12.557
7138.1793 12.547
7140.2606 12.545
7142.3420 12.558
7144.4234 12.574
7146.5047 12.583
7148.5861 12.581
7150.6674 12.569
7152.7488 12.563
7154.8302 12.564
7156.9115 12.572
7158.9929 12.592
7161.0743 12.619
7163.1556 12.638
7165.2370 12.648
7167.3183 12.650
7169.3997 12.654
7171.4811 12.666
7173.5624 12.680
7175.6438 12.690
7177.7252 12.698
7179.8065 12.710
7181.8879 12.721
7183.9692 12.727
7186.0506 12.715
7188.1320 12.694
7190.2133 12.683
7192.2947 12.686
7194.3761 12.702
7196.4574 12.709
7198.5388 12.704
7200.6201 12.692
7202.7015 12.679
7204.7829 12.682
7206.8642 12.685
7208.9456 12.681
7211.0270 12.666
7213.1083 12.652
7215.1897 12.642
7217.2710 12.638
7219.3524 12.639
7221.4338 12.643
7223.5151 12.647
7225.5965 12.646
7227.6778 12.638
7229.7592 12.634
7231.8406 12.658
7233.9219 12.679
7236.0033 12.686
7238.0847 12.673
7240.1660 12.660
7242.2474 12.657
7244.3287 12.654
7246.4101 12.640
7248.4915 12.624
7250.5728 12.610
7252.6542 12.596
7254.7356 12.585
7256.8169 12.615
7258.8983 12.643
7260.9796 12.656
7263.0610 12.647
7265.1424 12.620
7267.2237 12.606
7269.3051 12.605
7271.3865 12.617
7273.4678 12.634
7275.5492 12.643
7277.6305 12.640
7279.7119 12.630
7281.7933 12.623
7283.8746 12.622
7285.9560 12.621
7288.0374 12.619
7290.1187 12.617
7292.2001 12.622
7294.2814 12.625
7296.3628 12.625
7298.4442 12.622
7300.5255 12.621
7302.6069 12.621
7304.6883 12.617
7306.7696 12.610
7308.8510 12.601
7310.9323 12.597
7313.0137 12.593
7315.0951 12.588
7317.1764 12.593
7319.2578 12.608
7321.3391 12.618
7323.4205 12.618
7325.5019 12.603
7327.5832 12.603
7329.6646 12.604
7331.7460 12.600
7333.8273 12.585
7335.9087 12.572
7337.9900 12.567
7340.0714 12.569
7342.1528 12.579
7344.2341 12.583
7346.3155 12.574
7348.3969 12.569
7350.4782 12.574
7352.5596 12.585
7354.6409 12.586
7356.7223 12.586
7358.8037 12.593
7360.8850 12.613
7362.9664 12.638
7365.0478 12.655
7367.1291 12.662
7369.2105 12.659
7371.2918 12.654
7373.3732 12.651
7375.4546 12.647
7377.5359 12.638
7379.6173 12.624
7381.6987 12.610
7383.7800 12.599
7385.8614 12.595
7387.9427 12.600
7390.0241 12.606
7392.1055 12.606
7394.1868 12.597
7396.2682 12.573
7398.3496 12.561
7400.4309 12.567
7402.5123 12.589
7404.5936 12.608
7406.6750 12.611
7408.7564 12.611
7410.8377 12.612
7412.9191 12.616
7415.0004 12.620
7417.0818 12.623
7419.1632 12.624
7421.2445 12.626
7423.3259 12.640
7425.4073 12.651
7427.4886 12.654
7429.5700 12.646
7431.6513 12.623
7433.7327 12.602
7435.8141 12.583
7437.8954 12.565
7439.9768 12.556
7442.0582 12.564
7444.1395 12.586
7446.2209 12.616
7448.3022 12.639
7450.3836 12.628
7452.4650 12.599
7454.5463 12.570
7456.6277 12.563
7458.7091 12.582
7460.7904 12.589
7462.8718 12.582
7464.9531 12.565
7467.0345 12.556
7469.1159 12.558
7471.1972 12.573
7473.2786 12.599
7475.3600 12.601
7477.4413 12.584
7479.5227 12.566
7481.6040 12.555
7483.6854 12.562
7485.7668 12.561
7487.8481 12.565
7489.9295 12.579
7492.0108 12.602
7494.0922 12.613
7496.1736 12.616
7498.2549 12.615
7500.3363 12.619
7502.4177 12.620
7504.4990 12.611
7506.5804 12.607
7508.6617 12.625
7510.7431 12.644
7512.8245 12.651
7514.9058 12.646
7516.9872 12.632
7519.0686 12.630
7521.1499 12.655
7523.2313 12.679
7525.3126 12.687
7527.3940 12.659
7529.4754 12.639
7531.5567 12.642
7533.6381 12.661
7535.7195 12.667
7537.8008 12.653
7539.8822 12.643
7541.9635 12.640
7544.0449 12.650
7546.1263 12.665
7548.2076 12.674
7550.2890 12.675
7552.3704 12.666
7554.4517 12.671
7556.5331 12.661
7558.6144 12.641
7560.6958 12.616
7562.7772 12.605
7564.8585 12.606
7566.9399 12.609
7569.0213 12.611
7571.1026 12.619
7573.1840 12.636
7575.2653 12.651
7577.3467 12.660
7579.4281 12.653
7581.5094 12.654
7583.5908 12.664
7585.6721 12.691
7587.7535 12.747
7589.8349 12.849
7591.9162 12.972
7593.9976 13.110
7596.0790 13.253
7598.1603 13.445
7600.2417 13.623
7602.3230 13.755
7604.4044 13.819
7606.4858 13.799
7608.5671 13.709
7610.6485 13.576
7612.7299 13.419
7614.8112 13.268
7616.8926 13.173
7618.9739 13.128
7621.0553 13.130
7623.1367 13.173
7625.2180 13.223
7627.2994 13.263
7629.3808 13.292
7631.4621 13.312
7633.5435 13.316
7635.6248 13.301
7637.7062 13.265
7639.7876 13.208
7641.8689 13.142
7643.9503 13.099
7646.0317 13.068
7648.1130 13.041
7650.1944 12.996
7652.2757 12.952
7654.3571 12.913
7656.4385 12.878
7658.5198 12.842
7660.6012 12.828
7662.6825 12.831
7664.7639 12.839
7666.8453 12.819
7668.9266 12.791
7671.0080 12.773
7673.0894 12.759
7675.1707 12.743
7677.2521 12.722
7679.3334 12.715
7681.4148 12.719
7683.4962 12.729
7685.5775 12.719
7687.6589 12.702
7689.7403 12.683
7691.8216 12.667
7693.9030 12.654
7695.9843 12.650
7698.0657 12.652
7700.1471 12.656
7702.2284 12.647
7704.3098 12.627
7706.3912 12.619
7708.4725 12.633
7710.5539 12.677
7712.6352 12.702
7714.7166 12.707
7716.7980 12.699
7718.8793 12.685
7720.9607 12.647
7723.0421 12.619
7725.1234 12.607
7727.2048 12.616
7729.2861 12.639
7731.3675 12.656
7733.4489 12.672
7735.5302 12.689
7737.6116 12.716
7739.6930 12.736
7741.7743 12.733
7743.8557 12.707
7745.9370 12.681
7748.0184 12.665
7750.0998 12.657
7752.1811 12.656
7754.2625 12.657
7756.3438 12.652
7758.4252 12.655
7760.5066 12.657
7762.5879 12.646
7764.6693 12.624
7766.7507 12.633
7768.8320 12.663
7770.9134 12.702
7772.9947 12.692
7775.0761 12.675
7777.1575 12.668
7779.2388 12.677
7781.3202 12.690
7783.4016 12.691
7785.4829 12.688
7787.5643 12.687
7789.6456 12.691
7791.7270 12.699
7793.8084 12.704
7795.8897 12.705
7797.9711 12.706
7800.0525 12.713
7802.1338 12.701
7804.2152 12.686
7806.2965 12.688
7808.3779 12.712
7810.4593 12.719
7812.5406 12.713
7814.6220 12.697
7816.7034 12.673
7818.7847 12.644
7820.8661 12.636
7822.9474 12.657
7825.0288 12.694
7827.1102 12.685
7829.1915 12.681
7831.2729 12.695
7833.3542 12.717
7835.4356 12.720
7837.5170 12.702
7839.5983 12.674
7841.6797 12.655
7843.7611 12.684
7845.8424 12.714
7847.9238 12.741
7850.0051 12.761
7852.0865 12.773
7854.1679 12.758
7856.2492 12.733
7858.3306 12.712
7860.4120 12.686
7862.4933 12.674
7864.5747 12.676
7866.6560 12.689
7868.7374 12.700
7870.8188 12.699
7872.9001 12.696
7874.9815 12.700
7877.0629 12.721
7879.1442 12.713
7881.2256 12.691
7883.3069 12.672
7885.3883 12.684
7887.4697 12.719
7889.5510 12.740
7891.6324 12.741
7893.7138 12.717
7895.7951 12.715
7897.8765 12.721
7899.9578 12.719
7902.0392 12.698
7904.1206 12.699
7906.2019 12.679
7908.2833 12.643
7910.3647 12.600
7912.4460 12.575
7914.5274 12.585
7916.6087 12.604
7918.6901 12.624
7920.7715 12.642
7922.8528 12.656
7924.9342 12.652
7927.0155 12.640
7929.0969 12.644
7931.1783 12.656
7933.2596 12.656
7935.3410 12.652
7937.4224 12.656
7939.5037 12.665
7941.5851 12.663
7943.6664 12.661
7945.7478 12.668
7947.8292 12.682
7949.9105 12.727
7951.9919 12.783
7954.0733 12.833
7956.1546 12.821
7958.2360 12.790
7960.3173 12.765
7962.3987 12.755
7964.4801 12.776
7966.5614 12.779
7968.6428 12.757
7970.7242 12.727
7972.8055 12.715
7974.8869 12.708
7976.9682 12.697
7979.0496 12.696
7981.1310 12.720
7983.2123 12.718
7985.2937 12.684
7987.3751 12.642
7989.4564 12.612
7991.5378 12.622
7993.6191 12.658
7995.7005 12.693
7997.7819 12.717
7999.8632 12.739
8001.9446 12.754
8004.0260 12.772
8006.1073 12.783
8008.1887 12.753
8010.2700 12.742
8012.3514 12.762
8014.4328 12.801
8016.5141 12.836
8018.5955 12.815
8020.6768 12.767
8022.7582 12.718
8024.8396 12.697
8026.9209 12.715
8029.0023 12.727
8031.0837 12.738
8033.1650 12.753
8035.2464 12.764
8037.3277 12.754
8039.4091 12.746
8041.4905 12.750
8043.5718 12.772
8045.6532 12.756
8047.7346 12.721
8049.8159 12.688
8051.8973 12.699
8053.9786 12.748
8056.0600 12.756
8058.1414 12.721
8060.2227 12.660
8062.3041 12.679
8064.3855 12.709
8066.4668 12.738
8068.5482 12.760
8070.6295 12.809
8072.7109 12.835
8074.7923 12.830
8076.8736 12.796
8078.9550 12.788
8081.0364 12.801
8083.1177 12.807
8085.1991 12.795
8087.2804 12.768
8089.3618 12.766
8091.4432 12.773
8093.5245 12.775
8095.6059 12.751
8097.6872 12.748
8099.7686 12.746
8101.8500 12.743
8103.9313 12.739
8106.0127 12.790
8108.0941 12.821
8110.1754 12.822
8112.2568 12.789
8114.3381 12.777
8116.4195 12.784
8118.5009 12.801
8120.5822 12.818
8122.6636 12.820
8124.7450 12.842
8126.8263 12.859
8128.9077 12.856
8130.9890 12.814
8133.0704 12.773
8135.1518 12.760
8137.2331 12.775
8139.3145 12.803
8141.3959 12.820
8143.4772 12.843
8145.5586 12.881
8147.6399 12.941
8149.7213 12.954
8151.8027 12.924
8153.8840 12.882
8155.9654 12.856
8158.0468 12.849
8160.1281 12.853
8162.2095 12.875
8164.2908 12.913
8166.3722 12.926
8168.4536 12.931
8170.5349 12.939
8172.6163 12.946
8174.6977 12.917
8176.7790 12.863
8178.8604 12.839
8180.9417 12.851
8183.0231 12.878
8185.1045 12.878
8187.1858 12.886
8189.2672 12.905
8191.3485 12.939
8193.4299 12.961
8195.5113 12.986
8197.5926 13.022
8199.6740 13.072
8201.7554 13.038
8203.8367 12.956
8205.9181 12.873
8207.9994 12.816
8210.0808 12.778
8212.1622 12.761
8214.2435 12.766
8216.3249 12.792
8218.4063 12.823
8220.4876 12.849
8222.5690 12.856
8224.6503 12.855
8226.7317 12.884
8228.8131 12.953
8230.8944 13.001
8232.9758 13.009
8235.0572 12.961
8237.1385 12.908
8239.2199 12.893
8241.3012 12.908
8243.3826 12.939
8245.4640 12.916
8247.5453 12.907
8249.6267 12.909
8251.7081 12.915
8253.7894 12.887
8255.8708 12.879
8257.9521 12.872
8260.0335 12.855
8262.1149 12.811
8264.1962 12.823
8266.2776 12.869
8268.3589 12.938
8270.4403 13.010
8272.5217 13.032
8274.6030 13.001
8276.6844 12.953
8278.7658 12.940
8280.8471 12.943
8282.9285 12.925
8285.0098 12.913
8287.0912 12.928
8289.1726 12.928
8291.2539 12.896
8293.3353 12.847
8295.4167 12.799
8297.4980 12.806
8299.5794 12.869
8301.6607 12.913
8303.7421 12.921
8305.8235 12.922
8307.9048 12.896
8309.9862 12.851
8312.0676 12.801
8314.1489 12.778
8316.2303 12.827
8318.3116 12.894
8320.3930 12.952
8322.4744 12.970
8324.5557 12.942
8326.6371 12.938
8328.7185 12.973
8330.7998 13.056
8332.8812 13.156
8334.9625 13.166
8337.0439 13.156
8339.1253 13.164
8341.2066 13.186
8343.2880 13.097
8345.3694 12.968
8347.4507 12.844
8349.5321 12.810
8351.6134 12.843
8353.6948 12.891
8355.7762 12.948
8357.8575 13.019
8359.9389 12.919
8362.0202 12.826
8364.1016 12.776
8366.1830 12.795
8368.2643 12.855
8370.3457 12.942
8372.4271 13.029
8374.5084 13.088
8376.5898 13.109
8378.6711 13.071
8380.7525 12.887
8382.8339  0.000
