2703.8501  0.000
2705.6488 11.226
2707.4475 11.362
2709.2462 11.512
2711.0449  2.914
2712.8436 12.527
2714.6423 12.561
2716.4410 12.582
2718.2397 12.584
2720.0384 12.568
2721.8371 12.549
2723.6358 12.529
2725.4345 12.522
2727.2332 12.543
2729.0319 12.579
2730.8306 12.631
2732.6293 12.689
2734.4280 12.728
2736.2267 12.750
2738.0254 12.748
2739.8241 12.738
2741.6228 12.741
2743.4215 12.756
2745.2202 12.774
2747.0189 12.798
2748.8176 12.816
2750.6163 12.836
2752.4150 12.867
2754.2137 12.895
2756.0124 12.932
2757.8111 12.967
2759.6098 12.990
2761.4085 13.004
2763.2072 13.006
2765.0059 12.996
2766.8046 12.986
2768.6033 12.982
2770.4020 12.987
2772.2007 13.003
2773.9994 13.022
2775.7981 13.041
2777.5968 13.059
2779.3955 13.078
2781.1942 13.100
2782.9929 13.133
2784.7916 13.162
2786.5903 13.183
2788.3890 13.181
2790.1877 13.158
2791.9864 13.135
2793.7851 13.115
2795.5838 13.106
2797.3825 13.111
2799.1812 13.122
2800.9799 13.143
2802.7786 13.176
2804.5773 13.210
2806.3760 13.245
2808.1747 13.278
2809.9734 13.306
2811.7721 13.335
2813.5708 13.358
2815.3695 13.370
2817.1682 13.363
2818.9669 13.348
2820.7656 13.341
2822.5643 13.360
2824.3630 13.410
2826.1617 13.470
2827.9604 13.515
2829.7591 13.515
2831.5578 13.477
2833.3565 13.427
2835.1552 13.384
2836.9539 13.363
2838.7526 13.365
2840.5513 13.380
2842.3500 13.404
2844.1487 13.421
2845.9474 13.431
2847.7461 13.438
2849.5448 13.440
2851.3435 13.448
2853.1422 13.453
2854.9409 13.459
2856.7396 13.468
2858.5383 13.476
2860.3370 13.490
2862.1357 13.500
2863.9344 13.498
2865.7331 13.484
2867.5318 13.462
2869.3305 13.445
2871.1292 13.440
2872.9279 13.444
2874.7266 13.454
2876.5253 13.468
2878.3240 13.487
2880.1227 13.508
2881.9214 13.527
2883.7201 13.530
2885.5188 13.524
2887.3175 13.510
2889.1162 13.505
2890.9149 13.515
2892.7136 13.535
2894.5123 13.568
2896.3110 13.596
2898.1097 13.614
2899.9084 13.608
2901.7071 13.586
2903.5058 13.567
2905.3045 13.568
2907.1032 13.596
2908.9019 13.641
2910.7006 13.683
2912.4993 13.706
2914.2980 13.691
2916.0967 13.662
2917.8954 13.646
2919.6941 13.657
2921.4928 13.693
2923.2915 13.739
2925.0902 13.761
2926.8889 13.754
2928.6876 13.732
2930.4863 13.710
2932.2850 13.701
2934.0837 13.709
2935.8824 13.726
2937.6811 13.749
2939.4798 13.769
2941.2785 13.774
2943.0772 13.760
2944.8759 13.745
2946.6746 13.742
2948.4733 13.751
2950.2720 13.760
2952.0707 13.750
2953.8694 13.724
2955.6681 13.707
2957.4668 13.717
2959.2655 13.752
2961.0642 13.796
2962.8629 13.822
2964.6616 13.821
2966.4603 13.811
2968.2590 13.821
2970.0577 13.857
2971.8564 13.890
2973.6551 13.887
2975.4538 13.856
2977.2525 13.825
2979.0512 13.817
2980.8499 13.834
2982.6486 13.866
2984.4473 13.889
2986.2460 13.897
2988.0447 13.893
2989.8434 13.895
2991.6421 13.914
2993.4408 13.935
2995.2395 13.931
2997.0382 13.910
2998.8369 13.891
3000.6356 13.889
3002.4343 13.895
3004.2330 13.881
3006.0317 13.854
3007.8304 13.849
3009.6291 13.876
3011.4278 13.910
3013.2265 13.919
3015.0252 13.900
3016.8239 13.875
3018.6226 13.862
3020.4213 13.861
3022.2200 13.868
3024.0187 13.882
3025.8174 13.895
3027.6161 13.894
3029.4148 13.871
3031.2135 13.841
3033.0122 13.822
3034.8109 13.822
3036.6096 13.826
3038.4083 13.821
3040.2070 13.815
3042.0057 13.825
3043.8044 13.849
3045.6031 13.876
3047.4018 13.886
3049.2005 13.876
3050.9992 13.861
3052.7979 13.863
3054.5966 13.868
3056.3953 13.856
3058.1940 13.825
3059.9927 13.791
3061.7914 13.768
3063.5901 13.758
3065.3888 13.755
3067.1875 13.762
3068.9862 13.775
3070.7849 13.791
3072.5836 13.807
3074.3823 13.823
3076.1810 13.843
3077.9797 13.866
3079.7784 13.880
3081.5771 13.874
3083.3758 13.849
3085.1745 13.821
3086.9732 13.815
3088.7719 13.849
3090.5706 13.899
3092.3693 13.922
3094.1680 13.905
3095.9667 13.880
3097.7654 13.873
3099.5641 13.889
3101.3628 13.913
3103.1615 13.927
3104.9602 13.910
3106.7589 13.857
3108.5576 13.808
3110.3563 13.797
3112.1550 13.811
3113.9537 13.813
3115.7524 13.797
3117.5511 13.781
3119.3498 13.806
3121.1485 13.808
3122.9472 13.798
3124.7459 13.805
3126.5446 13.839
3128.3433 13.856
3130.1420 13.824
3131.9407 13.786
3133.7394 13.770
3135.5381 13.771
3137.3368 13.779
3139.1355 13.799
3140.9342 13.810
3142.7329 13.807
3144.5316 13.813
3146.3303 13.847
3148.1290 13.887
3149.9277 13.900
3151.7264 13.879
3153.5251 13.859
3155.3238 13.864
3157.1225 13.893
3158.9212 13.919
3160.7199 13.917
3162.5186 13.883
3164.3173 13.867
3166.1160 13.882
3167.9147 13.882
3169.7134 13.846
3171.5121 13.826
3173.3108 13.844
3175.1095 13.858
3176.9082 13.860
3178.7069 13.881
3180.5056 13.911
3182.3043 13.910
3184.1030 13.907
3185.9017 13.920
3187.7004 13.922
3189.4991 13.912
3191.2978 13.906
3193.0965 13.890
3194.8952 13.863
3196.6939 13.867
3198.4926 13.899
3200.2913 13.912
3202.0900 13.856
3203.8887 13.845
3205.6874 13.866
3207.4861 13.859
3209.2848 13.831
3211.0835 13.832
3212.8822 13.856
3214.6809 13.867
3216.4796 13.871
3218.2783 13.879
3220.0770 13.856
3221.8757 13.814
3223.6744 13.819
3225.4731 13.865
3227.2718 13.877
3229.0705 13.859
3230.8692 13.845
3232.6679 13.851
3234.4666 13.853
3236.2653 13.863
3238.0640 13.884
3239.8627 13.883
3241.6614 13.873
3243.4601 13.876
3245.2588 13.889
3247.0575 13.890
3248.8562 13.856
3250.6549 13.840
3252.4536 13.824
3254.2523 13.816
3256.0510 13.846
3257.8497 13.881
3259.6484 13.870
3261.4471 13.873
3263.2458 13.850
3265.0445 13.830
3266.8432 13.831
3268.6419 13.812
3270.4406 13.817
3272.2393 13.810
3274.0380 13.812
3275.8367 13.838
3277.6354 13.879
3279.4341 13.899
3281.2328 13.888
3283.0315 13.878
3284.8302 13.889
3286.6289 13.902
3288.4276 13.874
3290.2263 13.834
3292.0250 13.825
3293.8237 13.833
3295.6224 13.837
3297.4211 13.849
3299.2198 13.859
3301.0185 13.879
3302.8172 13.911
3304.6159 13.912
3306.4146 13.916
3308.2133 13.906
3310.0120 13.901
3311.8107 13.899
3313.6094 13.891
3315.4081 13.898
3317.2068 13.888
3319.0055 13.862
3320.8042 13.862
3322.6029 13.882
3324.4016 13.875
3326.2003 13.857
3327.9990 13.860
3329.7977 13.866
3331.5964 13.862
3333.3951 13.854
3335.1938 13.874
3336.9925 13.897
3338.7912 13.883
3340.5899 13.867
3342.3886 13.866
3344.1873 13.867
3345.9860 13.886
3347.7847 13.877
3349.5834 13.886
3351.3821 13.897
3353.1808 13.898
3354.9795 13.909
3356.7782 13.907
3358.5769 13.912
3360.3756 13.904
3362.1743 13.867
3363.9730 13.873
3365.7717 13.897
3367.5704 13.878
3369.3691 13.874
3371.1678 13.862
3372.9665 13.876
3374.7652 13.880
3376.5639 13.860
3378.3626 13.862
3380.1613 13.897
3381.9600 13.913
3383.7587 13.899
3385.5574 13.888
3387.3561 13.904
3389.1548 13.922
3390.9535 13.910
3392.7522 13.895
3394.5509 13.914
3396.3496 13.935
3398.1483 13.923
3399.9470 13.931
3401.7457 13.896
3403.5444 13.874
3405.3431 13.897
3407.1418 13.906
3408.9405 13.930
3410.7392 13.931
3412.5379 13.908
3414.3366 13.912
3416.1353 13.922
3417.9340 13.933
3419.7327 13.937
3421.5314 13.929
3423.3301 13.898
3425.1288 13.910
3426.9275 13.907
3428.7262 13.930
3430.5249 13.950
3432.3236 13.935
3434.1223 13.931
3435.9210 13.901
3437.7197 13.935
3439.5184 13.960
3441.3171 13.943
3443.1158 13.960
3444.9145 13.975
3446.7132 13.986
3448.5119 13.941
3450.3106 13.918
3452.1093 13.933
3453.9080 13.949
3455.7067 13.959
3457.5054 13.947
3459.3041 13.953
3461.1028 13.962
3462.9015 13.964
3464.7002 13.948
3466.4989 13.937
3468.2976 13.937
3470.0963 13.944
3471.8950 13.965
3473.6937 13.957
3475.4924 13.950
3477.2911 13.954
3479.0898 13.954
3480.8885 13.958
3482.6872 13.941
3484.4859 13.982
3486.2846 14.010
3488.0833 14.009
3489.8820 14.004
3491.6807 13.986
3493.4794 14.007
3495.2781 14.006
3497.0768 14.008
3498.8755 14.009
3500.6742 13.992
3502.4729 13.971
3504.2716 13.981
3506.0703 13.998
3507.8690 13.991
3509.6677 13.977
3511.4664 13.981
3513.2651 13.987
3515.0638 13.997
3516.8625 14.006
3518.6612 14.013
3520.4599 14.038
3522.2586 14.039
3524.0573 14.022
3525.8560 14.025
3527.6547 14.014
3529.4534 13.995
3531.2521 13.999
3533.0508 14.012
3534.8495 13.980
3536.6482 13.962
3538.4469 13.984
3540.2456 14.001
3542.0443 14.010
3543.8430 13.972
3545.6417 13.977
3547.4404 13.993
3549.2391 13.995
3551.0378 14.008
3552.8365 14.027
3554.6352 14.023
3556.4339 14.024
3558.2326 14.026
3560.0313 14.017
3561.8300 14.028
3563.6287 14.040
3565.4274 14.014
3567.2261 14.035
3569.0248 14.042
3570.8235 14.021
3572.6222 13.993
3574.4209 13.989
3576.2196 14.037
3578.0183 14.051
3579.8170 14.066
3581.6157 14.042
3583.4144 14.028
3585.2131 14.051
3587.0118 14.037
3588.8105 14.035
3590.6092 14.047
3592.4079 14.047
3594.2066 14.033
3596.0053 14.018
3597.8040 14.030
3599.6027 14.056
3601.4014 14.062
3603.2001 14.046
3604.9988 14.063
3606.7975 14.068
3608.5962 14.036
3610.3949 14.032
3612.1936 14.039
3613.9923 14.043
3615.7910 14.058
3617.5897 14.046
3619.3884 14.031
3621.1871 14.040
3622.9858 14.043
3624.7845 14.032
3626.5832 14.023
3628.3819 14.045
3630.1806 14.062
3631.9793 14.057
3633.7780 14.066
3635.5767 14.062
3637.3754 14.026
3639.1741 14.026
3640.9728 14.027
3642.7715 14.068
3644.5702 14.087
3646.3689 14.048
3648.1676 14.049
3649.9663 14.055
3651.7650 14.067
3653.5637 14.072
3655.3624 14.070
3657.1611 14.070
3658.9598 14.060
3660.7585 14.031
3662.5572 14.042
3664.3559 14.040
3666.1546 14.031
3667.9533 14.032
3669.7520 14.052
3671.5507 14.049
3673.3494 14.027
3675.1481 14.037
3676.9468 14.056
3678.7455 14.052
3680.5442 14.062
3682.3429 14.043
3684.1416 14.057
3685.9403 14.055
3687.7390 14.039
3689.5377 14.057
3691.3364 14.060
3693.1351 14.056
3694.9338 14.066
3696.7325 14.085
3698.5312 14.094
3700.3299 14.081
3702.1286 14.065
3703.9273 14.077
3705.7260 14.083
3707.5247 14.100
3709.3234 14.118
3711.1221 14.119
3712.9208 14.091
3714.7195 14.087
3716.5182 14.102
3718.3169 14.079
3720.1156 14.081
3721.9143 14.096
3723.7130 14.101
3725.5117 14.128
3727.3104 14.121
3729.1091 14.104
3730.9078 14.090
3732.7065 14.089
3734.5052 14.087
3736.3039 14.090
3738.1026 14.095
3739.9013 14.120
3741.7000 14.151
3743.4987 14.151
3745.2974 14.138
3747.0961 14.131
3748.8948 14.143
3750.6935 14.136
3752.4922 14.128
3754.2909 14.135
3756.0896 14.158
3757.8883 14.119
3759.6870 14.132
3761.4857 14.127
3763.2844 14.117
3765.0831 14.133
3766.8818 14.138
3768.6805 14.137
3770.4792 14.155
3772.2779 14.169
3774.0766 14.165
3775.8753 14.169
3777.6740 14.160
3779.4727 14.159
3781.2714 14.157
3783.0701 14.150
3784.8688 14.144
3786.6675 14.149
3788.4662 14.176
3790.2649 14.167
3792.0636 14.161
3793.8623 14.177
3795.6610 14.177
3797.4597 14.184
3799.2584 14.196
3801.0571 14.197
3802.8558 14.161
3804.6545 14.149
3806.4532 14.171
3808.2519 14.192
3810.0506 14.196
3811.8493 14.176
3813.6480 14.166
3815.4467 14.189
3817.2454 14.211
3819.0441 14.199
3820.8428 14.210
3822.6415 14.218
3824.4402 14.193
3826.2389 14.185
3828.0376 14.207
3829.8363 14.222
3831.6350 14.215
3833.4337 14.220
3835.2324 14.217
3837.0311 14.207
3838.8298 14.210
3840.6285 14.195
3842.4272 14.192
3844.2259 14.204
3846.0246 14.217
3847.8233 14.228
3849.6220 14.223
3851.4207 14.229
3853.2194 14.236
3855.0181 14.213
3856.8168 14.215
3858.6155 14.214
3860.4142 14.206
3862.2129 14.217
3864.0116 14.220
3865.8103 14.196
3867.6090 14.175
3869.4077 14.179
3871.2064 14.189
3873.0051 14.191
3874.8038 14.195
3876.6025 14.194
3878.4012 14.198
3880.1999 14.192
3881.9986 14.220
3883.7973 14.246
3885.5960 14.266
3887.3947 14.297
3889.1934 14.295
3890.9921 14.248
3892.7908 14.236
3894.5895 14.252
3896.3882 14.245
3898.1869 14.227
3899.9856 14.227
3901.7843 14.188
3903.5830 14.225
3905.3817 14.244
3907.1804 14.230
3908.9791 14.207
3910.7778 14.202
3912.5765 14.227
3914.3752 14.228
3916.1739 14.224
3917.9726 14.242
3919.7713 14.250
3921.5700 14.238
3923.3687 14.235
3925.1674 14.224
3926.9661 14.202
3928.7648 14.224
3930.5635 14.237
3932.3622 14.243
3934.1609 14.240
3935.9596 14.236
3937.7583 14.243
3939.5570 14.243
3941.3557 14.241
3943.1544 14.242
3944.9531 14.239
3946.7518 14.237
3948.5505 14.222
3950.3492 14.236
3952.1479 14.264
3953.9466 14.255
3955.7453 14.257
3957.5440 14.254
3959.3427 14.265
3961.1414 14.273
3962.9401 14.271
3964.7388 14.260
3966.5375 14.272
3968.3362 14.292
3970.1349 14.288
3971.9336 14.291
3973.7323 14.299
3975.5310 14.291
3977.3297 14.288
3979.1284 14.288
3980.9271 14.265
3982.7258 14.258
3984.5245 14.264
3986.3232 14.254
3988.1219 14.259
3989.9206 14.238
3991.7193 14.230
3993.5180 14.248
3995.3167 14.260
3997.1154 14.230
3998.9141 14.227
4000.7128 14.251
4002.5115 14.261
4004.3102 14.266
4006.1089 14.255
4007.9076 14.246
4009.7063 14.261
4011.5050 14.240
4013.3037 14.262
4015.1024 14.254
4016.9011 14.248
4018.6998 14.268
4020.4985 14.246
4022.2972 14.225
4024.0959 14.236
4025.8946 14.257
4027.6933 14.256
4029.4920 14.258
4031.2907 14.246
4033.0894 14.225
4034.8881 14.228
4036.6868 14.245
4038.4855 14.238
4040.2842 14.222
4042.0829 14.222
4043.8816 14.236
4045.6803 14.251
4047.4790 14.254
4049.2777 14.278
4051.0764 14.290
4052.8751 14.260
4054.6738 14.267
4056.4725 14.257
4058.2712 14.249
4060.0699 14.268
4061.8686 14.281
4063.6673 14.279
4065.4660 14.301
4067.2647 14.285
4069.0634 14.282
4070.8621 14.280
4072.6608 14.296
4074.4595 14.302
4076.2582 14.294
4078.0569 14.307
4079.8556 14.297
4081.6543 14.290
4083.4530 14.312
4085.2517 14.329
4087.0504 14.315
4088.8491 14.346
4090.6478 14.345
4092.4465 14.330
4094.2452 14.333
4096.0439 14.364
4097.8426 14.368
4099.6413 14.385
4101.4400 14.405
4103.2387 14.401
4105.0374 14.395
4106.8361 14.383
4108.6348 14.364
4110.4335 14.350
4112.2322 14.370
4114.0309 14.385
4115.8296 14.368
4117.6283 14.345
4119.4270 14.348
4121.2257 14.342
4123.0244 14.323
4124.8231 14.317
4126.6218 14.320
4128.4205 14.331
4130.2192 14.322
4132.0179 14.325
4133.8166 14.322
4135.6153 14.314
4137.4140 14.303
4139.2127 14.297
4141.0114 14.308
4142.8101 14.335
4144.6088 14.328
4146.4075 14.312
4148.2062 14.326
4150.0049 14.325
4151.8036 14.311
4153.6023 14.314
4155.4010 14.322
4157.1997 14.319
4158.9984 14.317
4160.7971 14.321
4162.5958 14.296
4164.3945 14.287
4166.1932 14.295
4167.9919 14.302
4169.7906 14.310
4171.5893 14.314
4173.3880 14.306
4175.1867 14.293
4176.9854 14.296
4178.7841 14.282
4180.5828 14.282
4182.3815 14.315
4184.1802 14.325
4185.9789 14.309
4187.7776 14.311
4189.5763 14.315
4191.3750 14.314
4193.1737 14.307
4194.9724 14.313
4196.7711 14.322
4198.5698 14.338
4200.3685 14.322
4202.1672 14.321
4203.9659 14.327
4205.7646 14.292
4207.5633 14.276
4209.3620 14.312
4211.1607 14.330
4212.9594 14.325
4214.7581 14.333
4216.5568 14.335
4218.3555 14.318
4220.1542 14.323
4221.9529 14.337
4223.7516 14.330
4225.5503 14.336
4227.3490 14.354
4229.1477 14.348
4230.9464 14.357
4232.7451 14.338
4234.5438 14.325
4236.3425 14.319
4238.1412 14.336
4239.9399 14.376
4241.7386 14.368
4243.5373 14.376
4245.3360 14.359
4247.1347 14.335
4248.9334 14.345
4250.7321 14.340
4252.5308 14.357
4254.3295 14.370
4256.1282 14.383
4257.9269 14.404
4259.7256 14.404
4261.5243 14.376
4263.3230 14.362
4265.1217 14.357
4266.9204 14.362
4268.7191 14.364
4270.5178 14.368
4272.3165 14.372
4274.1152 14.353
4275.9139 14.381
4277.7126 14.360
4279.5113 14.338
4281.3100 14.365
4283.1087 14.381
4284.9074 14.372
4286.7061 14.381
4288.5048 14.384
4290.3035 14.370
4292.1022 14.353
4293.9009 14.375
4295.6996 14.379
4297.4983 14.387
4299.2970 14.409
4301.0957 14.414
4302.8944 14.425
4304.6931 14.433
4306.4918 14.412
4308.2905 14.425
4310.0892 14.420
4311.8879 14.413
4313.6866 14.421
4315.4853 14.434
4317.2840 14.457
4319.0827 14.441
4320.8814 14.444
4322.6801 14.479
4324.4788 14.479
4326.2775 14.461
4328.0762 14.468
4329.8749 14.496
4331.6736 14.532
4333.4723 14.534
4335.2710 14.528
4337.0697 14.535
4338.8684 14.574
4340.6671 14.582
4342.4658 14.563
4344.2645 14.555
4346.0632 14.549
4347.8619 14.560
4349.6606 14.512
4351.4593 14.492
4353.2580 14.498
4355.0567 14.506
4356.8554 14.494
4358.6541 14.472
4360.4528 14.476
4362.2515 14.462
4364.0502 14.468
4365.8489 14.466
4367.6476 14.464
4369.4463 14.478
4371.2450 14.446
4373.0437 14.450
4374.8424 14.473
4376.6411 14.450
4378.4398 14.445
4380.2385 14.441
4382.0372 14.432
4383.8359 14.406
4385.6346 14.425
4387.4333 14.438
4389.2320 14.420
4391.0307 14.416
4392.8294 14.435
4394.6281 14.448
4396.4268 14.446
4398.2255 14.433
4400.0242 14.440
4401.8229 14.437
4403.6216 14.447
4405.4203 14.446
4407.2190 14.437
4409.0177 14.443
4410.8164 14.449
4412.6151 14.447
4414.4138 14.418
4416.2125 14.425
4418.0112 14.420
4419.8099 14.400
4421.6086 14.406
4423.4073 14.447
4425.2060 14.434
4427.0047 14.412
4428.8034 14.412
4430.6021 14.422
4432.4008 14.408
4434.1995 14.433
4435.9982 14.435
4437.7969 14.403
4439.5956 14.413
4441.3943 14.449
4443.1930 14.444
4444.9917 14.433
4446.7904 14.432
4448.5891 14.463
4450.3878 14.491
4452.1865 14.465
4453.9852 14.443
4455.7839 14.450
4457.5826 14.461
4459.3813 14.448
4461.1800 14.417
4462.9787 14.450
4464.7774 14.440
4466.5761 14.432
4468.3748 14.448
4470.1735 14.434
4471.9722 14.419
4473.7709 14.429
4475.5696 14.446
4477.3683 14.432
4479.1670 14.443
4480.9657 14.445
4482.7644 14.450
4484.5631 14.436
4486.3618 14.416
4488.1605 14.437
4489.9592 14.431
4491.7579 14.424
4493.5566 14.423
4495.3553 14.421
4497.1540 14.443
4498.9527 14.455
4500.7514 14.441
4502.5501 14.409
4504.3488 14.424
4506.1475 14.460
4507.9462 14.495
4509.7449 14.508
4511.5436 14.497
4513.3423 14.482
4515.1410 14.480
4516.9397 14.472
4518.7384 14.434
4520.5371 14.449
4522.3358 14.420
4524.1345 14.404
4525.9332 14.433
4527.7319 14.441
4529.5306 14.452
4531.3293 14.459
4533.1280 14.465
4534.9267 14.449
4536.7254 14.444
4538.5241 14.444
4540.3228 14.434
4542.1215 14.445
4543.9202 14.440
4545.7189 14.448
4547.5176 14.465
4549.3163 14.464
4551.1150 14.453
4552.9137 14.430
4554.7124 14.430
4556.5111 14.430
4558.3098 14.439
4560.1085 14.435
4561.9072 14.427
4563.7059 14.433
4565.5046 14.431
4567.3033 14.452
4569.1020 14.450
4570.9007 14.440
4572.6994 14.462
4574.4981 14.482
4576.2968 14.467
4578.0955 14.481
4579.8942 14.476
4581.6929 14.469
4583.4916 14.473
4585.2903 14.484
4587.0890 14.471
4588.8877 14.451
4590.6864 14.455
4592.4851 14.484
4594.2838 14.484
4596.0825 14.458
4597.8812 14.454
4599.6799 14.485
4601.4786 14.475
4603.2773 14.465
4605.0760 14.483
4606.8747 14.492
4608.6734 14.488
4610.4721 14.453
4612.2708 14.455
4614.0695 14.449
4615.8682 14.445
4617.6669 14.461
4619.4656 14.463
4621.2643 14.456
4623.0630 14.459
4624.8617 14.476
4626.6604 14.491
4628.4591 14.494
4630.2578 14.507
4632.0565 14.484
4633.8552 14.482
4635.6539 14.488
4637.4526 14.477
4639.2513 14.489
4641.0500 14.489
4642.8487 14.460
4644.6474 14.444
4646.4461 14.450
4648.2448 14.465
4650.0435 14.489
4651.8422 14.481
4653.6409 14.497
4655.4396 14.494
4657.2383 14.485
4659.0370 14.506
4660.8357 14.530
4662.6344 14.533
4664.4331 14.506
4666.2318 14.486
4668.0305 14.494
4669.8292 14.508
4671.6279 14.505
4673.4266 14.514
4675.2253 14.544
4677.0240 14.502
4678.8227 14.497
4680.6214 14.488
4682.4201 14.466
4684.2188 14.476
4686.0175 14.452
4687.8162 14.500
4689.6149 14.508
4691.4136 14.504
4693.2123 14.532
4695.0110 14.522
4696.8097 14.502
4698.6084 14.483
4700.4071 14.479
4702.2058 14.464
4704.0045 14.448
4705.8032 14.463
4707.6019 14.501
4709.4006 14.530
4711.1993 14.511
4712.9980 14.493
4714.7967 14.527
4716.5954 14.548
4718.3941 14.531
4720.1928 14.518
4721.9915 14.524
4723.7902 14.545
4725.5889 14.546
4727.3876 14.536
4729.1863 14.533
4730.9850 14.516
4732.7837 14.519
4734.5824 14.537
4736.3811 14.534
4738.1798 14.557
4739.9785 14.546
4741.7772 14.542
4743.5759 14.527
4745.3746 14.529
4747.1733 14.549
4748.9720 14.551
4750.7707 14.520
4752.5694 14.547
4754.3681 14.564
4756.1668 14.560
4757.9655 14.562
4759.7642 14.571
4761.5629 14.622
4763.3616 14.608
4765.1603 14.593
4766.9590 14.579
4768.7577 14.587
4770.5564 14.579
4772.3551 14.560
4774.1538 14.559
4775.9525 14.564
4777.7512 14.563
4779.5499 14.549
4781.3486 14.548
4783.1473 14.558
4784.9460 14.531
4786.7447 14.535
4788.5434 14.571
4790.3421 14.584
4792.1408 14.574
4793.9395 14.585
4795.7382 14.599
4797.5369 14.582
4799.3356 14.588
4801.1343 14.594
4802.9330 14.588
4804.7317 14.601
4806.5304 14.596
4808.3291 14.601
4810.1278 14.612
4811.9265 14.601
4813.7252 14.593
4815.5239 14.613
4817.3226 14.609
4819.1213 14.595
4820.9200 14.597
4822.7187 14.602
4824.5174 14.610
4826.3161 14.645
4828.1148 14.657
4829.9135 14.663
4831.7122 14.650
4833.5109 14.633
4835.3096 14.642
4837.1083 14.656
4838.9070 14.668
4840.7057 14.673
4842.5044 14.678
4844.3031 14.694
4846.1018 14.698
4847.9005 14.696
4849.6992 14.711
4851.4979 14.710
4853.2966 14.732
4855.0953 14.746
4856.8940 14.761
4858.6927 14.771
4860.4914 14.763
4862.2901 14.772
4864.0888 14.775
4865.8875 14.774
4867.6862 14.767
4869.4849 14.753
4871.2836 14.730
4873.0823 14.752
4874.8810 14.749
4876.6797 14.720
4878.4784 14.711
4880.2771 14.705
4882.0758 14.693
4883.8745 14.694
4885.6732 14.678
4887.4719 14.694
4889.2706 14.696
4891.0693 14.673
4892.8680 14.687
4894.6667 14.687
4896.4654 14.673
4898.2641 14.692
4900.0628 14.679
4901.8615 14.687
4903.6602 14.698
4905.4589 14.684
4907.2576 14.667
4909.0563 14.657
4910.8550 14.649
4912.6537 14.664
4914.4524 14.675
4916.2511 14.669
4918.0498 14.660
4919.8485 14.643
4921.6472 14.630
4923.4459 14.627
4925.2446 14.630
4927.0433 14.646
4928.8420 14.654
4930.6407 14.655
4932.4394 14.659
4934.2381 14.665
4936.0368 14.667
4937.8355 14.665
4939.6342 14.656
4941.4329 14.644
4943.2316 14.647
4945.0303 14.656
4946.8290 14.650
4948.6277 14.642
4950.4264 14.640
4952.2251 14.639
4954.0238 14.643
4955.8225 14.646
4957.6212 14.636
4959.4199 14.626
4961.2186 14.627
4963.0173 14.629
4964.8160 14.642
4966.6147 14.656
4968.4134 14.673
4970.2121 14.688
4972.0108 14.696
4973.8095 14.701
4975.6082 14.699
4977.4069 14.689
4979.2056 14.671
4981.0043 14.666
4982.8030 14.672
4984.6017 14.679
4986.4004 14.686
4988.1991 14.692
4989.9978 14.698
4991.7965 14.696
4993.5952 14.691
4995.3939 14.686
4997.1926 14.680
4998.9913 14.670
5000.7900 14.661
5002.5887 14.661
5004.3874 14.662
5006.1861 14.666
5007.9848 14.672
5009.7835 14.683
5011.5822 14.689
5013.3809 14.681
5015.1796 14.675
5016.9783 14.675
5018.7770 14.676
5020.5757 14.679
5022.3744 14.671
5024.1731 14.651
5025.9718 14.643
5027.7705 14.646
5029.5692 14.649
5031.3679 14.652
5033.1666 14.661
5034.9653 14.672
5036.7640 14.683
5038.5627 14.693
5040.3614 14.678
5042.1601 14.659
5043.9588 14.647
5045.7575 14.637
5047.5562 14.649
5049.3549 14.661
5051.1536 14.659
5052.9523 14.656
5054.7510 14.655
5056.5497 14.655
5058.3484 14.656
5060.1471 14.661
5061.9458 14.674
5063.7445 14.681
5065.5432 14.680
5067.3419 14.680
5069.1406 14.683
5070.9393 14.682
5072.7380 14.677
5074.5367 14.675
5076.3354 14.674
5078.1341 14.670
5079.9328 14.664
5081.7315 14.658
5083.5302 14.651
5085.3289 14.656
5087.1276 14.664
5088.9263 14.689
5090.7250 14.716
5092.5237 14.705
5094.3224 14.693
5096.1211 14.680
5097.9198 14.669
5099.7185 14.663
5101.5172 14.661
5103.3159 14.670
5105.1146 14.675
5106.9133 14.672
5108.7120 14.667
5110.5107 14.658
5112.3094 14.662
5114.1081 14.682
5115.9068 14.694
5117.7055 14.697
5119.5042 14.697
5121.3029 14.696
5123.1016 14.696
5124.9003 14.697
5126.6990 14.689
5128.4977 14.677
5130.2964 14.679
5132.0951 14.685
5133.8938 14.689
5135.6925 14.692
5137.4912 14.691
5139.2899 14.690
5141.0886 14.678
5142.8873 14.668
5144.6860 14.682
5146.4847 14.695
5148.2834 14.705
5150.0821 14.711
5151.8808 14.703
5153.6795 14.696
5155.4782 14.695
5157.2769 14.696
5159.0756 14.703
5160.8743 14.701
5162.6730 14.688
5164.4717 14.679
5166.2704 14.675
5168.0691 14.680
5169.8678 14.691
5171.6665 14.698
5173.4652 14.703
5175.2639 14.710
5177.0626 14.717
5178.8613 14.723
5180.6600 14.729
5182.4587 14.731
5184.2574 14.732
5186.0561 14.727
5187.8548 14.722
5189.6535 14.730
5191.4522 14.735
5193.2509 14.722
5195.0496 14.714
5196.8483 14.723
5198.6470 14.730
5200.4457 14.731
5202.2444 14.734
5204.0431 14.738
5205.8418 14.735
5207.6405 14.721
5209.4392 14.717
5211.2379 14.721
5213.0366 14.724
5214.8353 14.727
5216.6340 14.730
5218.4327 14.733
5220.2314 14.732
5222.0301 14.728
5223.8288 14.753
5225.6275 14.785
5227.4262 14.770
5229.2249 14.747
5231.0236 14.748
5232.8223 14.751
5234.6210 14.765
5236.4197 14.775
5238.2184 14.760
5240.0171 14.750
5241.8158 14.764
5243.6145 14.775
5245.4132 14.778
5247.2119 14.775
5249.0106 14.756
5250.8093 14.746
5252.6080 14.750
5254.4067 14.757
5256.2054 14.766
5258.0041 14.772
5259.8028 14.775
5261.6015 14.763
5263.4002 14.743
5265.1989 14.751
5266.9976 14.771
5268.7963 14.773
5270.5950 14.770
5272.3937 14.770
5274.1924 14.770
5275.9911 14.775
5277.7898 14.780
5279.5885 14.785
5281.3872 14.790
5283.1859 14.782
5284.9846 14.774
5286.7833 14.771
5288.5820 14.769
5290.3807 14.773
5292.1794 14.778
5293.9781 14.788
5295.7768 14.786
5297.5755 14.766
5299.3742 14.760
5301.1729 14.774
5302.9716 14.779
5304.7703 14.777
5306.5690 14.790
5308.3677 14.813
5310.1664 14.813
5311.9651 14.803
5313.7638 14.807
5315.5625 14.816
5317.3612 14.822
5319.1599 14.828
5320.9586 14.825
5322.7573 14.821
5324.5560 14.808
5326.3547 14.794
5328.1534 14.792
5329.9521 14.791
5331.7508 14.786
5333.5495 14.784
5335.3482 14.789
5337.1469 14.791
5338.9456 14.786
5340.7443 14.783
5342.5430 14.782
5344.3417 14.774
5346.1404 14.756
5347.9391 14.744
5349.7378 14.737
5351.5365 14.747
5353.3352 14.771
5355.1339 14.786
5356.9326 14.797
5358.7313 14.806
5360.5300 14.815
5362.3287 14.825
5364.1274 14.836
5365.9261 14.834
5367.7248 14.830
5369.5235 14.837
5371.3222 14.846
5373.1209 14.840
5374.9196 14.834
5376.7183 14.818
5378.5170 14.805
5380.3157 14.799
5382.1144 14.801
5383.9131 14.831
5385.7118 14.853
5387.5105 14.860
5389.3092 14.859
5391.1079 14.845
5392.9066 14.834
5394.7053 14.826
5396.5040 14.823
5398.3027 14.825
5400.1014 14.824
5401.9001 14.821
5403.6988 14.818
5405.4975 14.815
5407.2962 14.829
5409.0949 14.849
5410.8936 14.859
5412.6923 14.867
5414.4910 14.868
5416.2897 14.868
5418.0884 14.855
5419.8871 14.841
5421.6858 14.826
5423.4845 14.817
5425.2832 14.835
5427.0819 14.852
5428.8806 14.864
5430.6793 14.871
5432.4780 14.861
5434.2767 14.853
5436.0754 14.848
5437.8741 14.842
5439.6728 14.837
5441.4715 14.828
5443.2702 14.814
5445.0689 14.825
5446.8676 14.854
5448.6663 14.862
5450.4650 14.861
5452.2637 14.854
5454.0624 14.845
5455.8611 14.835
5457.6598 14.825
5459.4585 14.856
5461.2572 14.893
5463.0559 14.900
5464.8546 14.905
5466.6533 14.896
5468.4520 14.885
5470.2507 14.858
5472.0494 14.839
5473.8481 14.861
5475.6468 14.884
5477.4455 14.912
5479.2442 14.924
5481.0429 14.906
5482.8416 14.895
5484.6403 14.895
5486.4390 14.897
5488.2377 14.900
5490.0364 14.899
5491.8351 14.896
5493.6338 14.893
5495.4325 14.890
5497.2312 14.892
5499.0299 14.897
5500.8286 14.871
5502.6273 14.836
5504.4260 14.841
5506.2247 14.854
5508.0234 14.857
5509.8221 14.859
5511.6208 14.847
5513.4195 14.836
5515.2182 14.852
5517.0169 14.867
5518.8156 14.878
5520.6143 14.886
5522.4130 14.886
5524.2117 14.882
5526.0104 14.869
5527.8091 14.864
5529.6078 14.870
5531.4065 14.871
5533.2052 14.864
5535.0039 14.863
5536.8026 14.868
5538.6013 14.874
5540.4000 14.879
5542.1987 14.891
5543.9974 14.906
5545.7961 14.908
5547.5948 14.906
5549.3935 14.896
5551.1922 14.884
5552.9909 14.883
5554.7896 14.883
5556.5883 14.893
5558.3870 14.903
5560.1857 14.905
5561.9844 14.907
5563.7831 14.907
5565.5818 14.906
5567.3805 14.902
5569.1792 14.900
5570.9779 14.908
5572.7766 14.913
5574.5753 14.915
5576.3740 14.911
5578.1727 14.902
5579.9714 14.896
5581.7701 14.892
5583.5688 14.888
5585.3675 14.883
5587.1662 14.890
5588.9649 14.902
5590.7636 14.901
5592.5623 14.894
5594.3610 14.900
5596.1597 14.910
5597.9584 14.934
5599.7571 14.961
5601.5558 14.950
5603.3545 14.938
5605.1532 14.942
5606.9519 14.945
5608.7506 14.942
5610.5493 14.940
5612.3480 14.936
5614.1467 14.931
5615.9454 14.924
5617.7441 14.912
5619.5428 14.889
5621.3415 14.876
5623.1402 14.876
5624.9389 14.884
5626.7376 14.899
5628.5363 14.914
5630.3350 14.928
5632.1337 14.932
5633.9324 14.930
5635.7311 14.908
5637.5298 14.877
5639.3285 14.857
5641.1272 14.841
5642.9259 14.852
5644.7246 14.867
5646.5233 14.879
5648.3220 14.890
5650.1207 14.898
5651.9194 14.906
5653.7181 14.906
5655.5168 14.907
5657.3155 14.913
5659.1142 14.920
5660.9129 14.926
5662.7116 14.928
5664.5103 14.920
5666.3090 14.914
5668.1077 14.910
5669.9064 14.916
5671.7051 14.934
5673.5038 14.938
5675.3025 14.930
5677.1012 14.918
5678.8999 14.904
5680.6986 14.909
5682.4973 14.924
5684.2960 14.932
5686.0947 14.937
5687.8934 14.932
5689.6921 14.925
5691.4908 14.909
5693.2895 14.893
5695.0882 14.900
5696.8869 14.908
5698.6856 14.906
5700.4843 14.907
5702.2830 14.928
5704.0817 14.945
5705.8804 14.946
5707.6791 14.942
5709.4778 14.929
5711.2765 14.919
5713.0752 14.915
5714.8739 14.920
5716.6726 14.940
5718.4713 14.960
5720.2700 14.981
5722.0687 14.985
5723.8674 14.975
5725.6661 14.960
5727.4648 14.941
5729.2635 14.928
5731.0622 14.917
5732.8609 14.923
5734.6596 14.934
5736.4583 14.944
5738.2570 14.954
5740.0557 14.965
5741.8544 14.975
5743.6531 14.976
5745.4518 14.976
5747.2505 14.963
5749.0492 14.952
5750.8479 14.954
5752.6466 14.955
5754.4453 14.956
5756.2440 14.955
5758.0427 14.953
5759.8414 14.956
5761.6401 14.964
5763.4388 14.977
5765.2375 14.994
5767.0362 14.988
5768.8349 14.963
5770.6336 14.964
5772.4323 14.981
5774.2310 14.986
5776.0297 14.986
5777.8284 14.984
5779.6271 14.982
5781.4258 14.987
5783.2245 14.994
5785.0232 14.988
5786.8219 14.982
5788.6206 14.972
5790.4193 14.964
5792.2180 14.978
5794.0167 14.990
5795.8154 14.990
5797.6141 14.992
5799.4128 14.999
5801.2115 14.997
5803.0102 14.975
5804.8089 14.964
5806.6076 14.972
5808.4063 14.979
5810.2050 14.985
5812.0037 14.981
5813.8024 14.967
5815.6011 14.954
5817.3998 14.941
5819.1985 14.945
5820.9972 14.958
5822.7959 14.967
5824.5946 14.974
5826.3933 14.964
5828.1920 14.951
5829.9907 14.955
5831.7894 14.960
5833.5881 14.968
5835.3868 14.977
5837.1855 14.964
5838.9842 14.952
5840.7829 14.945
5842.5816 14.942
5844.3803 14.956
5846.1790 14.964
5847.9777 14.954
5849.7764 14.948
5851.5751 14.953
5853.3738 14.962
5855.1725 14.977
5856.9712 14.968
5858.7699 14.936
5860.5686 14.933
5862.3673 14.951
5864.1660 14.970
5865.9647 14.989
5867.7634 14.981
5869.5621 14.963
5871.3608 14.948
5873.1595 14.934
5874.9582 14.958
5876.7569 14.989
5878.5556 14.996
5880.3543 15.002
5882.1530 14.981
5883.9517 14.960
5885.7504 14.942
5887.5491 14.927
5889.3478 14.929
5891.1465 14.935
5892.9452 14.956
5894.7439 14.968
5896.5426 14.961
5898.3413 14.964
5900.1400 14.980
5901.9387 14.990
5903.7374 14.993
5905.5361 14.987
5907.3348 14.972
5909.1335 14.968
5910.9322 14.971
5912.7309 14.966
5914.5296 14.958
5916.3283 14.967
5918.1270 14.982
5919.9257 14.958
5921.7244 14.926
5923.5231 14.943
5925.3218 14.964
5927.1205 14.970
5928.9192 14.975
5930.7179 14.993
5932.5166 15.007
5934.3153 14.990
5936.1140 14.981
5937.9127 15.009
5939.7114 15.029
5941.5101 15.034
5943.3088 15.024
5945.1075 14.989
5946.9062 14.966
5948.7049 14.957
5950.5036 14.981
5952.3023 15.039
5954.1010 15.057
5955.8997 15.046
5957.6984 15.038
5959.4971 15.030
5961.2958 15.034
5963.0945 15.042
5964.8932 15.028
5966.6919 15.008
5968.4906 15.002
5970.2893 14.998
5972.0880 15.010
5973.8867 15.022
5975.6854 15.007
5977.4841 14.996
5979.2828 15.017
5981.0815 15.031
5982.8802 15.015
5984.6789 15.010
5986.4776 15.037
5988.2763 15.051
5990.0750 15.035
5991.8737 15.023
5993.6724 15.015
5995.4711 15.004
5997.2698 14.989
5999.0685 14.985
6000.8672 14.990
6002.6659 15.000
6004.4646 15.013
6006.2633 15.039
6008.0620 15.070
6009.8607 15.053
6011.6594 15.023
6013.4581 15.005
6015.2568 14.990
6017.0555 14.996
6018.8542 15.004
6020.6529 15.023
6022.4516 15.039
6024.2503 15.018
6026.0490 15.006
6027.8477 15.041
6029.6464 15.060
6031.4451 15.027
6033.2438 15.004
6035.0425 15.004
6036.8412 15.001
6038.6399 14.991
6040.4386 14.997
6042.2373 15.023
6044.0360 15.037
6045.8347 15.040
6047.6334 15.050
6049.4321 15.065
6051.2308 15.026
6053.0295 14.960
6054.8282 14.981
6056.6269 15.031
6058.4256 15.029
6060.2243 15.016
6062.0230 15.025
6063.8217 15.036
6065.6204 15.034
6067.4191 15.031
6069.2178 15.047
6071.0165 15.062
6072.8152 15.082
6074.6139 15.094
6076.4126 15.071
6078.2113 15.053
6080.0100 15.052
6081.8087 15.044
6083.6074 15.023
6085.4061 15.020
6087.2048 15.041
6089.0035 15.047
6090.8022 15.037
6092.6009 15.037
6094.3996 15.044
6096.1983 15.032
6097.9970 15.011
6099.7957 15.005
6101.5944 15.005
6103.3931 15.003
6105.1918 15.000
6106.9905 15.012
6108.7892 15.028
6110.5879 15.025
6112.3866 15.022
6114.1853 15.050
6115.9840 15.074
6117.7827 15.060
6119.5814 15.053
6121.3801 15.087
6123.1788 15.107
6124.9775 15.088
6126.7762 15.065
6128.5749 15.037
6130.3736 15.033
6132.1723 15.067
6133.9710 15.088
6135.7697 15.094
6137.5684 15.094
6139.3671 15.090
6141.1658 15.096
6142.9645 15.108
6144.7632 15.116
6146.5619 15.122
6148.3606 15.089
6150.1593 15.045
6151.9580 15.049
6153.7567 15.061
6155.5554 15.073
6157.3541 15.086
6159.1528 15.081
6160.9515 15.076
6162.7502 15.066
6164.5489 15.059
6166.3476 15.064
6168.1463 15.065
6169.9450 15.050
6171.7437 15.053
6173.5424 15.098
6175.3411 15.133
6177.1398 15.148
6178.9385 15.147
6180.7372 15.125
6182.5359 15.125
6184.3346 15.146
6186.1333 15.155
6187.9320 15.157
6189.7307 15.144
6191.5294 15.126
6193.3281 15.136
6195.1268 15.157
6196.9255 15.142
6198.7242 15.120
6200.5229 15.100
6202.3216 15.082
6204.1203 15.112
6205.9190 15.143
6207.7177 15.136
6209.5164 15.124
6211.3151 15.080
6213.1138 15.048
6214.9125 15.067
6216.7112 15.089
6218.5099 15.120
6220.3086 15.141
6222.1073 15.142
6223.9060 15.140
6225.7047 15.132
6227.5034 15.125
6229.3021 15.119
6231.1008 15.108
6232.8995 15.094
6234.6982 15.107
6236.4969 15.136
6238.2956 15.130
6240.0943 15.109
6241.8930 15.138
6243.6917 15.181
6245.4904 15.210
6247.2891 15.238
6249.0878 15.170
6250.8865 15.096
6252.6852 15.135
6254.4839 15.169
6256.2826 15.154
6258.0813 15.143
6259.8800 15.154
6261.6787 15.159
6263.4774 15.148
6265.2761 15.144
6267.0748 15.159
6268.8735 15.174
6270.6722 15.190
6272.4709 15.190
6274.2696 15.171
6276.0683 15.171
6277.8670 15.187
6279.6657 15.196
6281.4644 15.200
6283.2631 15.178
6285.0618 15.144
6286.8605 15.128
6288.6592 15.118
6290.4579 15.135
6292.2566 15.157
6294.0553 15.153
6295.8540 15.146
6297.6527 15.137
6299.4514 15.128
6301.2501 15.135
6303.0488 15.144
6304.8475 15.157
6306.6462 15.165
6308.4449 15.152
6310.2436 15.135
6312.0423 15.110
6313.8410 15.098
6315.6397 15.111
6317.4384 15.118
6319.2371 15.120
6321.0358 15.117
6322.8345 15.110
6324.6332 15.119
6326.4319 15.138
6328.2306 15.154
6330.0293 15.169
6331.8280 15.178
6333.6267 15.186
6335.4254 15.221
6337.2241 15.262
6339.0228 15.257
6340.8215 15.245
6342.6202 15.196
6344.4189 15.148
6346.2176 15.176
6348.0163 15.201
6349.8150 15.189
6351.6137 15.174
6353.4124 15.147
6355.2111 15.137
6357.0098 15.180
6358.8085 15.212
6360.6072 15.222
6362.4059 15.217
6364.2046 15.187
6366.0033 15.161
6367.8020 15.139
6369.6007 15.126
6371.3994 15.120
6373.1981 15.139
6374.9968 15.174
6376.7955 15.205
6378.5942 15.235
6380.3929 15.224
6382.1916 15.201
6383.9903 15.171
6385.7890 15.141
6387.5877 15.131
6389.3864 15.123
6391.1851 15.158
6392.9838 15.190
6394.7825 15.203
6396.5812 15.218
6398.3799 15.248
6400.1786 15.272
6401.9773 15.279
6403.7760 15.275
6405.5747 15.246
6407.3734 15.228
6409.1721 15.229
6410.9708 15.213
6412.7695 15.178
6414.5682 15.166
6416.3669 15.177
6418.1656 15.188
6419.9643 15.200
6421.7630 15.204
6423.5617 15.204
6425.3604 15.218
6427.1591 15.237
6428.9578 15.213
6430.7565 15.179
6432.5552 15.177
6434.3539 15.179
6436.1526 15.212
6437.9513 15.243
6439.7500 15.236
6441.5487 15.230
6443.3474 15.233
6445.1461 15.235
6446.9448 15.234
6448.7435 15.229
6450.5422 15.213
6452.3409 15.205
6454.1396 15.210
6455.9383 15.214
6457.7370 15.216
6459.5357 15.214
6461.3344 15.208
6463.1331 15.198
6464.9318 15.185
6466.7305 15.189
6468.5292 15.202
6470.3279 15.195
6472.1266 15.180
6473.9253 15.184
6475.7240 15.195
6477.5227 15.202
6479.3214 15.209
6481.1201 15.202
6482.9188 15.195
6484.7175 15.220
6486.5162 15.242
6488.3149 15.237
6490.1136 15.229
6491.9123 15.213
6493.7110 15.207
6495.5097 15.231
6497.3084 15.248
6499.1071 15.247
6500.9058 15.249
6502.7045 15.257
6504.5032 15.241
6506.3019 15.196
6508.1006 15.176
6509.8993 15.177
6511.6980 15.212
6513.4967 15.270
6515.2954 15.319
6517.0941 15.366
6518.8928 15.358
6520.6915 15.334
6522.4902 15.333
6524.2889 15.336
6526.0876 15.312
6527.8863 15.285
6529.6850 15.252
6531.4837 15.223
6533.2824 15.252
6535.0811 15.274
6536.8798 15.261
6538.6785 15.265
6540.4772 15.330
6542.2759 15.355
6544.0746 15.282
6545.8733 15.237
6547.6720 15.243
6549.4707 15.247
6551.2694 15.249
6553.0681 15.277
6554.8668 15.329
6556.6655 15.348
6558.4642 15.344
6560.2629 15.376
6562.0616 15.427
6563.8603 15.408
6565.6590 15.366
6567.4577 15.344
6569.2564 15.328
6571.0551 15.309
6572.8538 15.290
6574.6525 15.289
6576.4512 15.288
6578.2499 15.264
6580.0486 15.249
6581.8473 15.313
6583.6460 15.351
6585.4447 15.282
6587.2434 15.236
6589.0421 15.256
6590.8408 15.277
6592.6395 15.300
6594.4382 15.319
6596.2369 15.333
6598.0356 15.334
6599.8343 15.321
6601.6330 15.285
6603.4317 15.229
6605.2304 15.214
6607.0291 15.223
6608.8278 15.240
6610.6265 15.260
6612.4252 15.281
6614.2239 15.303
6616.0226 15.306
6617.8213 15.305
6619.6200 15.282
6621.4187 15.257
6623.2174 15.254
6625.0161 15.251
6626.8148 15.243
6628.6135 15.239
6630.4122 15.249
6632.2109 15.255
6634.0096 15.245
6635.8083 15.244
6637.6070 15.263
6639.4057 15.278
6641.2044 15.286
6643.0031 15.278
6644.8018 15.251
6646.6005 15.240
6648.3992 15.244
6650.1979 15.239
6651.9966 15.227
6653.7953 15.230
6655.5940 15.241
6657.3927 15.241
6659.1914 15.237
6660.9901 15.245
6662.7888 15.256
6664.5875 15.295
6666.3862 15.336
6668.1849 15.299
6669.9836 15.265
6671.7823 15.299
6673.5810 15.325
6675.3797 15.299
6677.1784 15.274
6678.9771 15.252
6680.7758 15.247
6682.5745 15.290
6684.3732 15.312
6686.1719 15.297
6687.9706 15.296
6689.7693 15.314
6691.5680 15.322
6693.3667 15.320
6695.1654 15.313
6696.9641 15.303
6698.7628 15.329
6700.5615 15.375
6702.3602 15.357
6704.1589 15.316
6705.9576 15.270
6707.7563 15.224
6709.5550 15.226
6711.3537 15.235
6713.1524 15.235
6714.9511 15.234
6716.7498 15.221
6718.5485 15.207
6720.3472 15.177
6722.1459 15.157
6723.9446 15.183
6725.7433 15.205
6727.5420 15.217
6729.3407 15.216
6731.1394 15.190
6732.9381 15.194
6734.7368 15.243
6736.5355 15.253
6738.3342 15.220
6740.1329 15.218
6741.9316 15.242
6743.7303 15.275
6745.5290 15.314
6747.3277 15.299
6749.1264 15.262
6750.9251 15.238
6752.7238 15.219
6754.5225 15.249
6756.3212 15.288
6758.1199 15.282
6759.9186 15.273
6761.7173 15.271
6763.5160 15.269
6765.3147 15.255
6767.1134 15.242
6768.9121 15.238
6770.7108 15.238
6772.5095 15.254
6774.3082 15.259
6776.1069 15.241
6777.9056 15.232
6779.7043 15.237
6781.5030 15.244
6783.3017 15.253
6785.1004 15.270
6786.8991 15.294
6788.6978 15.286
6790.4965 15.257
6792.2952 15.277
6794.0939 15.321
6795.8926 15.332
6797.6913 15.331
6799.4900 15.324
6801.2887 15.316
6803.0874 15.360
6804.8861 15.411
6806.6848 15.397
6808.4835 15.380
6810.2822 15.355
6812.0809 15.328
6813.8796 15.295
6815.6783 15.270
6817.4770 15.280
6819.2757 15.277
6821.0744 15.238
6822.8731 15.224
6824.6718 15.258
6826.4705 15.287
6828.2692 15.310
6830.0679 15.305
6831.8666 15.272
6833.6653 15.241
6835.4640 15.211
6837.2627 15.221
6839.0614 15.255
6840.8601 15.269
6842.6588 15.277
6844.4575 15.333
6846.2562 15.402
6848.0549 15.393
6849.8536 15.373
6851.6523 15.285
6853.4510 15.194
6855.2497 15.173
6857.0484 15.160
6858.8471 15.212
6860.6458 15.265
6862.4445 15.325
6864.2432 15.380
6866.0419 15.417
6867.8406 15.449
6869.6393 15.468
6871.4380 15.485
6873.2367 15.497
6875.0354 15.497
6876.8341 15.485
6878.6328 15.466
6880.4315 15.440
6882.2302 15.414
6884.0289 15.386
6885.8276 15.363
6887.6263 15.342
6889.4250 15.338
6891.2237 15.339
6893.0224 15.362
6894.8211 15.389
6896.6198 15.378
6898.4185 15.364
6900.2172 15.363
6902.0159 15.364
6903.8146 15.384
6905.6133 15.395
6907.4120 15.350
6909.2107 15.305
6911.0094 15.258
6912.8081 15.228
6914.6068 15.237
6916.4055 15.242
6918.2042 15.241
6920.0029 15.236
6921.8016 15.227
6923.6003 15.251
6925.3990 15.306
6927.1977 15.376
6928.9964 15.456
6930.7951 15.452
6932.5938 15.407
6934.3925 15.399
6936.1912 15.406
6937.9899 15.386
6939.7886 15.361
6941.5873 15.318
6943.3860 15.273
6945.1847 15.299
6946.9834 15.326
6948.7821 15.303
6950.5808 15.283
6952.3795 15.294
6954.1782 15.286
6955.9769 15.196
6957.7756 15.154
6959.5743 15.249
6961.3730 15.297
6963.1717 15.254
6964.9704 15.246
6966.7691 15.290
6968.5678 15.308
6970.3665 15.296
6972.1652 15.315
6973.9639 15.358
6975.7626 15.316
6977.5613 15.226
6979.3600 15.232
6981.1587 15.278
6982.9574 15.323
6984.7561 15.367
6986.5548 15.342
6988.3535 15.306
6990.1522 15.288
6991.9509 15.273
6993.7496 15.334
6995.5483 15.390
6997.3470 15.381
6999.1457 15.366
7000.9444 15.321
7002.7431 15.277
7004.5418 15.235
7006.3405 15.205
7008.1392 15.201
7009.9379 15.207
7011.7366 15.231
7013.5353 15.265
7015.3340 15.312
7017.1327 15.342
7018.9314 15.357
7020.7301 15.350
7022.5288 15.330
7024.3275 15.327
7026.1262 15.332
7027.9249 15.326
7029.7236 15.317
7031.5223 15.343
7033.3210 15.375
7035.1197 15.368
7036.9184 15.357
7038.7171 15.318
7040.5158 15.282
7042.3145 15.309
7044.1132 15.332
7045.9119 15.332
7047.7106 15.328
7049.5093 15.311
7051.3080 15.315
7053.1067 15.370
7054.9054 15.415
7056.7041 15.443
7058.5028 15.450
7060.3015 15.431
7062.1002 15.414
7063.8989 15.400
7065.6976 15.399
7067.4963 15.408
7069.2950 15.392
7071.0937 15.363
7072.8924 15.336
7074.6911 15.310
7076.4898 15.275
7078.2885 15.239
7080.0872 15.223
7081.8859 15.210
7083.6846 15.214
7085.4833 15.221
7087.2820 15.276
7089.0807 15.324
7090.8794 15.317
7092.6781 15.316
7094.4768 15.339
7096.2755 15.352
7098.0742 15.333
7099.8729 15.323
7101.6716 15.330
7103.4703 15.358
7105.2690 15.415
7107.0677 15.463
7108.8664 15.503
7110.6651 15.502
7112.4638 15.468
7114.2625 15.425
7116.0612 15.375
7117.8599 15.355
7119.6586 15.348
7121.4573 15.361
7123.2560 15.380
7125.0547 15.389
7126.8534 15.395
7128.6521 15.435
7130.4508 15.477
7132.2495 15.417
7134.0482 15.365
7135.8469 15.401
7137.6456 15.435
7139.4443 15.453
7141.2430 15.463
7143.0417 15.446
7144.8404 15.426
7146.6391 15.396
7148.4378 15.354
7150.2365 15.294
7152.0352 15.301
7153.8339 15.390
7155.6326 15.444
7157.4313 15.465
7159.2300 15.478
7161.0287 15.486
7162.8274 15.442
7164.6261 15.372
7166.4248 15.352
7168.2235 15.349
7170.0222 15.392
7171.8209 15.445
7173.6196 15.518
7175.4183 15.593
7177.2170 15.564
7179.0157 15.533
7180.8144 15.546
7182.6131 15.557
7184.4118 15.550
7186.2105 15.543
7188.0092 15.536
7189.8079 15.540
7191.6066 15.574
7193.4053 15.601
7195.2040 15.615
7197.0027 15.609
7198.8014 15.577
7200.6001 15.548
7202.3988 15.520
7204.1975 15.462
7205.9962 15.380
7207.7949 15.379
7209.5936 15.422
7211.3923 15.408
7213.1910 15.371
7214.9897 15.354
7216.7884 15.341
7218.5871 15.408
7220.3858 15.487
7222.1845 15.474
7223.9832 15.458
7225.7819 15.501
7227.5806 15.539
7229.3793 15.517
7231.1780 15.494
7232.9767 15.466
7234.7754 15.441
7236.5741 15.428
7238.3728 15.395
7240.1715 15.320
7241.9702 15.282
7243.7689 15.301
7245.5676 15.370
7247.3663 15.494
7249.1650 15.581
7250.9637 15.637
7252.7624 15.584
7254.5611 15.465
7256.3598 15.401
7258.1585 15.362
7259.9572 15.373
7261.7559 15.400
7263.5546 15.375
7265.3533 15.341
7267.1520 15.396
7268.9507 15.458
7270.7494 15.408
7272.5481 15.361
7274.3468 15.369
7276.1455 15.380
7277.9442 15.414
7279.7429 15.428
7281.5416 15.369
7283.3403 15.355
7285.1390 15.454
7286.9377 15.548
7288.7364 15.634
7290.5351 15.658
7292.3338 15.604
7294.1325 15.554
7295.9312 15.510
7297.7299 15.522
7299.5286 15.575
7301.3273 15.568
7303.1260 15.530
7304.9247 15.440
7306.7234 15.331
7308.5221 15.362
7310.3208 15.423
7312.1195 15.453
7313.9182 15.479
7315.7169 15.475
7317.5156 15.469
7319.3143 15.461
7321.1130 15.440
7322.9117 15.325
7324.7104 15.252
7326.5091 15.352
7328.3078 15.428
7330.1065 15.435
7331.9052 15.411
7333.7039 15.325
7335.5026 15.302
7337.3013 15.370
7339.1000 15.413
7340.8987 15.429
7342.6974 15.425
7344.4961 15.404
7346.2948 15.457
7348.0935 15.553
7349.8922 15.520
7351.6909 15.437
7353.4896 15.422
7355.2883 15.427
7357.0870 15.398
7358.8857 15.365
7360.6844 15.421
7362.4831 15.482
7364.2818 15.408
7366.0805 15.344
7367.8792 15.377
7369.6779 15.411
7371.4766 15.451
7373.2753 15.467
7375.0740 15.409
7376.8727 15.349
7378.6714 15.285
7380.4701 15.270
7382.2688 15.333
7384.0675 15.373
7385.8662 15.389
7387.6649 15.422
7389.4636 15.471
7391.2623 15.476
7393.0610 15.453
7394.8597 15.407
7396.6584 15.350
7398.4571 15.387
7400.2558 15.453
7402.0545 15.452
7403.8532 15.439
7405.6519 15.494
7407.4506 15.557
7409.2493 15.500
7411.0480 15.441
7412.8467 15.398
7414.6454 15.361
7416.4441 15.370
7418.2428 15.384
7420.0415 15.418
7421.8402 15.425
7423.6389 15.367
7425.4376 15.336
7427.2363 15.354
7429.0350 15.409
7430.8337 15.512
7432.6324 15.535
7434.4311 15.481
7436.2298 15.447
7438.0285 15.428
7439.8272 15.460
7441.6259 15.519
7443.4246 15.509
7445.2233 15.474
7447.0220 15.439
7448.8207 15.405
7450.6194 15.366
7452.4181 15.327
7454.2168 15.354
7456.0155 15.384
7457.8142 15.404
7459.6129 15.426
7461.4116 15.468
7463.2103 15.494
7465.0090 15.454
7466.8077 15.418
7468.6064 15.394
7470.4051 15.380
7472.2038 15.386
7474.0025 15.399
7475.8012 15.421
7477.5999 15.438
7479.3986 15.449
7481.1973 15.450
7482.9960 15.444
7484.7947 15.434
7486.5934 15.421
7488.3921 15.354
7490.1908 15.266
7491.9895 15.256
7493.7882 15.268
7495.5869 15.302
7497.3856 15.339
7499.1843 15.366
7500.9830 15.393
7502.7817 15.403
7504.5804 15.415
7506.3791 15.450
7508.1778 15.494
7509.9765 15.584
7511.7752 15.625
7513.5739 15.497
7515.3726 15.424
7517.1713 15.474
7518.9700 15.528
7520.7687 15.587
7522.5674 15.588
7524.3661 15.517
7526.1648 15.491
7527.9635 15.506
7529.7622 15.491
7531.5609 15.457
7533.3596 15.430
7535.1583 15.407
7536.9570 15.377
7538.7557 15.345
7540.5544 15.352
7542.3531 15.367
7544.1518 15.369
7545.9505 15.369
7547.7492 15.441
7549.5479 15.511
7551.3466 15.496
7553.1453 15.481
7554.9440 15.468
7556.7427 15.480
7558.5414 15.587
7560.3401 15.636
7562.1388 15.528
7563.9375 15.419
7565.7362 15.307
7567.5349 15.256
7569.3336 15.291
7571.1323 15.364
7572.9310 15.474
7574.7297 15.488
7576.5284 15.431
7578.3271 15.438
7580.1258 15.481
7581.9245 15.461
7583.7232 15.418
7585.5219 15.416
7587.3206 15.426
7589.1193 15.588
7590.9180 15.774
7592.7167 15.731
7594.5154 15.678
7596.3141 15.730
7598.1128 15.783
7599.9115 15.843
7601.7102 15.877
7603.5089 15.788
7605.3076 15.720
7607.1063 15.718
7608.9050 15.711
7610.7037 15.691
7612.5024 15.643
7614.3011 15.552
7616.0998 15.547
7617.8985 15.639
7619.6972 15.677
7621.4959 15.672
7623.2946 15.648
7625.0933 15.612
7626.8920 15.550
7628.6907 15.476
7630.4894 15.458
7632.2881 15.458
7634.0868 15.547
7635.8855 15.654
7637.6842 15.626
7639.4829 15.586
7641.2816 15.602
7643.0803 15.617
7644.8790 15.610
7646.6777 15.599
7648.4764 15.559
7650.2751 15.509
7652.0738 15.420
7653.8725 15.360
7655.6712 15.373
7657.4699 15.415
7659.2686 15.510
7661.0673 15.542
7662.8660 15.495
7664.6647 15.504
7666.4634 15.565
7668.2621 15.629
7670.0608 15.696
7671.8595 15.609
7673.6582 15.446
7675.4569 15.413
7677.2556 15.426
7679.0543 15.464
7680.8530 15.507
7682.6517 15.488
7684.4504 15.462
7686.2491 15.423
7688.0478 15.387
7689.8465 15.435
7691.6452 15.470
7693.4439 15.400
7695.2426 15.335
7697.0413 15.286
7698.8400 15.285
7700.6387 15.418
7702.4374 15.508
7704.2361 15.515
7706.0348 15.499
7707.8335 15.451
7709.6322 15.448
7711.4309 15.493
7713.2296 15.471
7715.0283 15.396
7716.8270 15.409
7718.6257 15.471
7720.4244 15.486
7722.2231 15.481
7724.0218 15.569
7725.8205 15.682
7727.6192 15.641
7729.4179 15.575
7731.2166 15.453
7733.0153 15.329
7734.8140 15.398
7736.6127 15.457
7738.4114 15.430
7740.2101 15.387
7742.0088 15.264
7743.8075 15.183
7745.6062 15.237
7747.4049 15.281
7749.2036 15.303
7751.0023 15.291
7752.8010 15.226
7754.5997 15.308
7756.3984 15.562
7758.1971 15.706
7759.9958 15.755
7761.7945 15.580
7763.5932 15.263
7765.3919 15.142
7767.1906 15.110
7768.9893 15.210
7770.7880 15.352
7772.5867 15.306
7774.3854 15.224
7776.1841 15.227
7777.9828 15.239
7779.7815 15.304
7781.5802 15.364
7783.3789 15.338
7785.1776 15.311
7786.9763 15.285
7788.7750 15.255
7790.5737 15.214
7792.3724 15.272
7794.1711 15.581
7795.9698 15.723
7797.7685 15.568
7799.5672 15.435
7801.3659 15.332
7803.1646 15.304
7804.9633 15.350
7806.7620 15.270
7808.5607 15.100
7810.3594 15.255
7812.1581 15.580
7813.9568 15.622
7815.7555 15.561
7817.5542 15.567
7819.3529 15.589
7821.1516 15.461
7822.9503 15.313
7824.7490 15.413
7826.5477 15.523
7828.3464 15.572
7830.1451 15.623
7831.9438 15.699
7833.7425 15.809
7835.5412 16.078
7837.3399 16.194
7839.1386 15.866
7840.9373 15.675
7842.7360 15.760
7844.5347 15.810
7846.3334 15.811
7848.1321 15.685
7849.9308 15.423
7851.7295 15.393
7853.5282 15.548
7855.3269 15.619
7857.1256 15.641
7858.9243 15.589
7860.7230 15.507
7862.5217 15.586
7864.3204 15.712
7866.1191 15.538
7867.9178 15.311
7869.7165 15.109
7871.5152 14.910
7873.3139 14.961
7875.1126 15.002
7876.9113 14.926
7878.7100 14.867
7880.5087 14.903
7882.3074 14.927
7884.1061 14.908
7885.9048 14.934
7887.7035 15.061
7889.5022 15.124
7891.3009 15.083
7893.0996 15.117
7894.8983 15.242
7896.6970 15.325
7898.4957 15.372
7900.2944 15.398
7902.0931 15.409
7903.8918 15.370
7905.6905 15.307
7907.4892 15.292
7909.2879 15.292
7911.0866 15.351
7912.8853 15.422
7914.6840 15.287
7916.4827 15.130
7918.2814 15.105
7920.0801 15.087
7921.8788 15.138
7923.6775 15.166
7925.4762 15.036
7927.2749 14.960
7929.0736 15.101
7930.8723 15.250
7932.6710 15.422
7934.4697 15.510
7936.2684 15.445
7938.0671 15.355
7939.8658 15.234
7941.6645 15.217
7943.4632 15.305
7945.2619 15.279
7947.0606 15.168
7948.8593 15.131
7950.6580 15.133
7952.4567 15.188
7954.2554 15.262
7956.0541 15.341
7957.8528 15.420
7959.6515 15.252
7961.4502 15.048
7963.2489 15.212
7965.0476 15.388
7966.8463 15.197
7968.6450 15.035
7970.4437 15.150
7972.2424 15.237
7974.0411 15.198
7975.8398 15.164
7977.6385 15.151
7979.4372 15.117
7981.2359 15.038
7983.0346 15.004
7984.8333 15.040
7986.6320 15.144
7988.4307 15.322
7990.2294 15.474
7992.0281 15.603
7993.8268 15.783
7995.6255 15.995
7997.4242 15.903
7999.2229 15.678
8001.0216 15.467
8002.8203 15.261
8004.6190 15.174
8006.4177 15.108
8008.2164 15.105
8010.0151 15.108
8011.8138 15.013
8013.6125 14.930
8015.4112 15.031
8017.2099 15.139
8019.0086 15.292
8020.8073 15.413
8022.6060 15.422
8024.4047 15.386
8026.2034 15.244
8028.0021 15.236
8029.8008 15.460
8031.5995 15.648
8033.3982 15.791
8035.1969 15.771
8036.9956 15.599
8038.7943 15.522
8040.5930 15.511
8042.3917 15.412
8044.1904 15.270
8045.9891 15.252
8047.7878 15.276
8049.5865 15.240
8051.3852 15.190
8053.1839 15.823
8054.9826 16.539
8056.7813 15.879
8058.5800 15.203
8060.3787 15.246
8062.1774 15.284
8063.9761 15.281
8065.7748 15.306
8067.5735 15.454
8069.3722 15.559
8071.1709 15.546
8072.9696 15.496
8074.7683 15.377
8076.5670 15.328
8078.3657 15.379
8080.1644 15.411
8081.9631 15.425
8083.7618 15.455
8085.5605 15.498
8087.3592 15.486
8089.1579 15.441
8090.9566 15.519
8092.7553 15.645
8094.5540 15.654
8096.3527 15.633
8098.1514 15.713
8099.9501 15.808
8101.7488 15.769
8103.5475 15.718
8105.3462 15.488
8107.1449 15.288
8108.9436 15.408
8110.7423 15.519
8112.5410 15.592
8114.3397 15.653
8116.1384 15.679
8117.9371 15.753
8119.7358 15.934
8121.5345 16.073
8123.3332 16.145
8125.1319 16.075
8126.9306 15.839
8128.7293 15.785
8130.5280 15.888
8132.3267 16.044
8134.1254 16.234
8135.9241 16.209
8137.7228 16.086
8139.5215 16.117
8141.3202 16.196
8143.1189 16.140
8144.9176 16.057
8146.7163 15.987
8148.5150 15.918
8150.3137 15.941
8152.1124 15.970
8153.9111 16.087
8155.7098 16.199
8157.5085 16.283
8159.3072 16.323
8161.1059 16.193
8162.9046 16.160
8164.7033 16.372
8166.5020 16.426
8168.3007 16.199
8170.0994 16.141
8171.8981 16.301
8173.6968 16.392
8175.4955 16.417
8177.2942 16.421
8179.0929 16.410
8180.8916 16.536
8182.6903 16.733
8184.4890 17.388
8186.2877 18.211
8188.0864 17.397
8189.8851 16.194
8191.6838 17.115
8193.4825 18.317
