2924.6924  0.000
2926.4911  0.000
2928.2899  0.000
2930.0886  0.000
2931.8874  0.000
2933.6861  0.000
2935.4849  0.000
2937.2836  0.000
2939.0824  0.000
2940.8811  0.000
2942.6799  0.000
2944.4786  0.000
2946.2774  0.000
2948.0761  0.000
2949.8749  0.000
2951.6736  0.000
2953.4724  0.000
2955.2711  0.000
2957.0699  0.000
2958.8686  0.000
2960.6674  0.000
2962.4661  0.000
2964.2649  0.000
2966.0636  0.000
2967.8624  0.000
2969.6611  0.000
2971.4599  0.000
2973.2586  0.000
2975.0573  0.000
2976.8561  0.000
2978.6548  0.000
2980.4536  0.000
2982.2523  0.000
2984.0511  0.000
2985.8498  0.000
2987.6486  0.000
2989.4473  0.000
2991.2461  0.000
2993.0448  0.000
2994.8436  0.000
2996.6423  0.000
2998.4411  0.000
3000.2398  0.000
3002.0386  0.000
3003.8373  0.000
3005.6361  0.000
3007.4348  0.000
3009.2336  0.000
3011.0323  0.000
3012.8311  0.000
3014.6298  0.000
3016.4286  0.000
3018.2273  0.000
3020.0260  0.000
3021.8248  0.000
3023.6235  0.000
3025.4223  0.000
3027.2210  0.000
3029.0198  0.000
3030.8185  0.000
3032.6173  0.000
3034.4160  0.000
3036.2148  0.000
3038.0135  0.000
3039.8123  0.000
3041.6110  0.000
3043.4098  0.000
3045.2085  0.000
3047.0073  0.000
3048.8060  0.000
3050.6048  0.000
3052.4035  0.000
3054.2023  0.000
3056.0010  0.000
3057.7998  0.000
3059.5985  0.000
3061.3973  0.000
3063.1960  0.000
3064.9948  0.000
3066.7935  0.000
3068.5922  0.000
3070.3910  0.000
3072.1897  0.000
3073.9885  0.000
3075.7872  0.000
3077.5860  0.000
3079.3847  0.000
3081.1835  0.000
3082.9822  0.000
3084.7810  0.000
3086.5797  0.000
3088.3785  0.000
3090.1772  0.000
3091.9760  0.000
3093.7747  0.000
3095.5735  0.000
3097.3722  0.000
3099.1710  0.000
3100.9697  0.000
3102.7685  0.000
3104.5672  0.000
3106.3660 12.346
3108.1647 16.445
3109.9635 16.431
3111.7622 16.393
3113.5610 16.354
3115.3597 16.325
3117.1584 16.300
3118.9572 16.152
3120.7559 16.085
3122.5547 16.031
3124.3534 16.011
3126.1522 16.055
3127.9509 16.065
3129.7497 16.075
3131.5484 16.066
3133.3472 16.081
3135.1459 16.103
3136.9447 16.112
3138.7434 16.084
3140.5422 15.986
3142.3409 15.995
3144.1397 16.046
3145.9384 16.027
3147.7372 16.037
3149.5359 16.030
3151.3347 16.047
3153.1334 16.036
3154.9322 15.961
3156.7309 15.936
3158.5297 15.959
3160.3284 15.929
3162.1271 15.915
3163.9259 15.961
3165.7246 16.002
3167.5234 15.882
3169.3221 15.818
3171.1209 15.859
3172.9196 15.862
3174.7184 15.895
3176.5171 15.950
3178.3159 15.957
3180.1146 15.904
3181.9134 15.841
3183.7121 15.883
3185.5109 15.905
3187.3096 15.897
3189.1084 15.927
3190.9071 15.925
3192.7059 15.934
3194.5046 15.986
3196.3034 15.986
3198.1021 15.938
3199.9009 15.925
3201.6996 15.964
3203.4984 15.911
3205.2971 15.858
3207.0959 15.872
3208.8946 15.846
3210.6933 15.835
3212.4921 15.883
3214.2908 15.852
3216.0896 15.816
3217.8883 15.824
3219.6871 15.854
3221.4858 15.852
3223.2846 15.815
3225.0833 15.851
3226.8821 15.883
3228.6808 15.879
3230.4796 15.901
3232.2783 15.901
3234.0771 15.828
3235.8758 15.816
3237.6746 15.869
3239.4733 15.872
3241.2721 15.859
3243.0708 15.896
3244.8696 15.878
3246.6683 15.915
3248.4671 15.962
3250.2658 15.908
3252.0646 15.858
3253.8633 15.800
3255.6621 15.798
3257.4608 15.861
3259.2595 15.846
3261.0583 15.837
3262.8570 15.894
3264.6558 15.838
3266.4545 15.900
3268.2533 16.020
3270.0520 15.974
3271.8508 15.897
3273.6495 15.857
3275.4483 15.869
3277.2470 15.869
3279.0458 15.869
3280.8445 15.841
3282.6433 15.797
3284.4420 15.808
3286.2408 15.839
3288.0395 15.899
3289.8383 15.916
3291.6370 15.882
3293.4358 15.884
3295.2345 15.900
3297.0333 15.889
3298.8320 15.911
3300.6308 15.931
3302.4295 15.919
3304.2282 15.928
3306.0270 15.944
3307.8257 15.957
3309.6245 15.945
3311.4232 15.968
3313.2220 15.942
3315.0207 15.919
3316.8195 15.933
3318.6182 15.938
3320.4170 15.965
3322.2157 15.978
3324.0145 15.979
3325.8132 15.945
3327.6120 15.907
3329.4107 15.943
3331.2095 15.917
3333.0082 15.894
3334.8070 15.913
3336.6057 15.879
3338.4045 15.881
3340.2032 15.905
3342.0020 15.927
3343.8007 15.953
3345.5995 15.941
3347.3982 15.960
3349.1970 15.972
3350.9957 15.965
3352.7944 15.954
3354.5932 15.969
3356.3919 15.964
3358.1907 15.950
3359.9894 15.912
3361.7882 15.869
3363.5869 15.845
3365.3857 15.889
3367.1844 15.991
3368.9832 16.009
3370.7819 15.970
3372.5807 15.910
3374.3794 15.916
3376.1782 15.946
3377.9769 15.952
3379.7757 15.948
3381.5744 15.930
3383.3732 15.878
3385.1719 15.842
3386.9707 15.889
3388.7694 15.971
3390.5682 15.993
3392.3669 15.961
3394.1657 15.930
3395.9644 15.897
3397.7632 15.964
3399.5619 15.988
3401.3606 15.964
3403.1594 15.944
3404.9581 15.936
3406.7569 15.897
3408.5556 15.891
3410.3544 15.931
3412.1531 15.949
3413.9519 15.970
3415.7506 16.045
3417.5494 16.006
3419.3481 15.992
3421.1469 15.963
3422.9456 15.967
3424.7444 16.003
3426.5431 16.066
3428.3419 16.031
3430.1406 15.966
3431.9394 16.019
3433.7381 15.997
3435.5369 16.011
3437.3356 16.039
3439.1344 16.005
3440.9331 15.976
3442.7319 15.928
3444.5306 15.950
3446.3293 15.987
3448.1281 15.998
3449.9268 16.019
3451.7256 16.069
3453.5243 16.044
3455.3231 16.065
3457.1218 16.059
3458.9206 16.080
3460.7193 16.057
3462.5181 16.038
3464.3168 16.006
3466.1156 16.001
3467.9143 16.014
3469.7131 16.061
3471.5118 16.071
3473.3106 16.010
3475.1093 16.032
3476.9081 16.029
3478.7068 16.002
3480.5056 16.038
3482.3043 16.053
3484.1031 16.041
3485.9018 16.051
3487.7006 16.058
3489.4993 16.114
3491.2981 16.111
3493.0968 16.139
3494.8955 16.079
3496.6943 16.090
3498.4930 16.047
3500.2918 16.041
3502.0905 16.014
3503.8893 16.017
3505.6880 16.059
3507.4868 16.072
3509.2855 16.110
3511.0843 16.152
3512.8830 16.164
3514.6818 16.118
3516.4805 16.091
3518.2793 16.097
3520.0780 16.093
3521.8768 16.100
3523.6755 16.076
3525.4743 16.034
3527.2730 16.064
3529.0718 16.108
3530.8705 16.082
3532.6693 16.068
3534.4680 16.079
3536.2668 16.063
3538.0655 16.069
3539.8643 16.109
3541.6630 16.140
3543.4617 16.099
3545.2605 16.068
3547.0592 16.041
3548.8580 16.066
3550.6567 16.083
3552.4555 16.086
3554.2542 16.096
3556.0530 16.096
3557.8517 16.096
3559.6505 16.117
3561.4492 16.093
3563.2480 16.067
3565.0467 16.091
3566.8455 16.112
3568.6442 16.084
3570.4430 16.110
3572.2417 16.120
3574.0405 16.138
3575.8392 16.157
3577.6380 16.116
3579.4367 16.122
3581.2355 16.162
3583.0342 16.174
3584.8330 16.188
3586.6317 16.177
3588.4304 16.140
3590.2292 16.119
3592.0279 16.101
3593.8267 16.109
3595.6254 16.138
3597.4242 16.126
3599.2229 16.119
3601.0217 16.125
3602.8204 16.139
3604.6192 16.155
3606.4179 16.113
3608.2167 16.133
3610.0154 16.158
3611.8142 16.154
3613.6129 16.128
3615.4117 16.128
3617.2104 16.081
3619.0092 16.090
3620.8079 16.096
3622.6067 16.113
3624.4054 16.106
3626.2042 16.094
3628.0029 16.110
3629.8017 16.151
3631.6004 16.145
3633.3992 16.152
3635.1979 16.144
3636.9966 16.113
3638.7954 16.135
3640.5941 16.171
3642.3929 16.164
3644.1916 16.128
3645.9904 16.114
3647.7891 16.109
3649.5879 16.184
3651.3866 16.207
3653.1854 16.198
3654.9841 16.186
3656.7829 16.164
3658.5816 16.126
3660.3804 16.104
3662.1791 16.160
3663.9779 16.182
3665.7766 16.189
3667.5754 16.177
3669.3741 16.190
3671.1729 16.141
3672.9716 16.148
3674.7704 16.193
3676.5691 16.155
3678.3679 16.161
3680.1666 16.173
3681.9654 16.161
3683.7641 16.136
3685.5628 16.148
3687.3616 16.133
3689.1603 16.136
3690.9591 16.153
3692.7578 16.129
3694.5566 16.110
3696.3553 16.147
3698.1541 16.155
3699.9528 16.144
3701.7516 16.146
3703.5503 16.136
3705.3491 16.117
3707.1478 16.115
3708.9466 16.118
3710.7453 16.137
3712.5441 16.130
3714.3428 16.162
3716.1416 16.155
3717.9403 16.174
3719.7391 16.194
3721.5378 16.195
3723.3366 16.203
3725.1353 16.183
3726.9341 16.175
3728.7328 16.176
3730.5315 16.154
3732.3303 16.173
3734.1290 16.180
3735.9278 16.185
3737.7265 16.201
3739.5253 16.237
3741.3240 16.247
3743.1228 16.223
3744.9215 16.200
3746.7203 16.190
3748.5190 16.189
3750.3178 16.216
3752.1165 16.207
3753.9153 16.194
3755.7140 16.180
3757.5128 16.208
3759.3115 16.231
3761.1103 16.254
3762.9090 16.248
3764.7078 16.239
3766.5065 16.217
3768.3053 16.198
3770.1040 16.179
3771.9028 16.233
3773.7015 16.246
3775.5003 16.261
3777.2990 16.235
3779.0977 16.203
3780.8965 16.201
3782.6952 16.237
3784.4940 16.268
3786.2927 16.268
3788.0915 16.269
3789.8902 16.245
3791.6890 16.250
3793.4877 16.319
3795.2865 16.314
3797.0852 16.302
3798.8840 16.267
3800.6827 16.230
3802.4815 16.234
3804.2802 16.261
3806.0790 16.268
3807.8777 16.262
3809.6765 16.264
3811.4752 16.260
3813.2740 16.251
3815.0727 16.243
3816.8715 16.241
3818.6702 16.254
3820.4690 16.268
3822.2677 16.265
3824.0665 16.285
3825.8652 16.301
3827.6639 16.290
3829.4627 16.283
3831.2614 16.305
3833.0602 16.377
3834.8589 16.356
3836.6577 16.365
3838.4564 16.383
3840.2552 16.376
3842.0539 16.338
3843.8527 16.317
3845.6514 16.307
3847.4502 16.320
3849.2489 16.315
3851.0477 16.289
3852.8464 16.257
3854.6452 16.253
3856.4439 16.258
3858.2427 16.253
3860.0414 16.245
3861.8402 16.239
3863.6389 16.241
3865.4377 16.232
3867.2364 16.209
3869.0352 16.262
3870.8339 16.262
3872.6326 16.264
3874.4314 16.269
3876.2301 16.282
3878.0289 16.297
3879.8276 16.298
3881.6264 16.316
3883.4251 16.334
3885.2239 16.340
3887.0226 16.365
3888.8214 16.387
3890.6201 16.400
3892.4189 16.398
3894.2176 16.400
3896.0164 16.374
3897.8151 16.342
3899.6139 16.319
3901.4126 16.356
3903.2114 16.357
3905.0101 16.329
3906.8089 16.314
3908.6076 16.298
3910.4064 16.292
3912.2051 16.280
3914.0039 16.271
3915.8026 16.278
3917.6014 16.259
3919.4001 16.268
3921.1988 16.280
3922.9976 16.274
3924.7963 16.307
3926.5951 16.333
3928.3938 16.337
3930.1926 16.297
3931.9913 16.260
3933.7901 16.292
3935.5888 16.295
3937.3876 16.282
3939.1863 16.294
3940.9851 16.303
3942.7838 16.300
3944.5826 16.274
3946.3813 16.252
3948.1801 16.270
3949.9788 16.318
3951.7776 16.327
3953.5763 16.310
3955.3751 16.311
3957.1738 16.323
3958.9726 16.340
3960.7713 16.334
3962.5701 16.345
3964.3688 16.358
3966.1675 16.392
3967.9663 16.445
3969.7650 16.473
3971.5638 16.502
3973.3625 16.510
3975.1613 16.516
3976.9600 16.500
3978.7588 16.484
3980.5575 16.458
3982.3563 16.447
3984.1550 16.398
3985.9538 16.338
3987.7525 16.296
3989.5513 16.325
3991.3500 16.341
3993.1488 16.342
3994.9475 16.342
3996.7463 16.334
3998.5450 16.327
4000.3438 16.322
4002.1425 16.316
4003.9413 16.308
4005.7400 16.295
4007.5388 16.313
4009.3375 16.317
4011.1363 16.303
4012.9350 16.325
4014.7337 16.334
4016.5325 16.343
4018.3312 16.330
4020.1300 16.329
4021.9287 16.354
4023.7275 16.310
4025.5262 16.273
4027.3250 16.280
4029.1237 16.312
4030.9225 16.323
4032.7212 16.357
4034.5200 16.349
4036.3187 16.324
4038.1175 16.341
4039.9162 16.344
4041.7150 16.329
4043.5137 16.303
4045.3125 16.295
4047.1112 16.353
4048.9100 16.363
4050.7087 16.341
4052.5075 16.325
4054.3062 16.326
4056.1050 16.354
4057.9037 16.336
4059.7025 16.320
4061.5012 16.338
4063.2999 16.340
4065.0987 16.351
4066.8974 16.349
4068.6962 16.381
4070.4949 16.348
4072.2937 16.313
4074.0924 16.307
4075.8912 16.334
4077.6899 16.377
4079.4887 16.369
4081.2874 16.349
4083.0862 16.367
4084.8849 16.413
4086.6837 16.370
4088.4824 16.387
4090.2812 16.408
4092.0799 16.421
4093.8787 16.440
4095.6774 16.511
4097.4762 16.536
4099.2749 16.563
4101.0737 16.618
4102.8724 16.579
4104.6712 16.613
4106.4699 16.573
4108.2686 16.555
4110.0674 16.534
4111.8661 16.523
4113.6649 16.497
4115.4636 16.481
4117.2624 16.457
4119.0611 16.443
4120.8599 16.429
4122.6586 16.414
4124.4574 16.456
4126.2561 16.449
4128.0549 16.420
4129.8536 16.435
4131.6524 16.474
4133.4511 16.424
4135.2499 16.417
4137.0486 16.436
4138.8474 16.437
4140.6461 16.426
4142.4449 16.440
4144.2436 16.454
4146.0424 16.429
4147.8411 16.423
4149.6399 16.436
4151.4386 16.396
4153.2374 16.378
4155.0361 16.328
4156.8348 16.321
4158.6336 16.359
4160.4323 16.349
4162.2311 16.367
4164.0298 16.377
4165.8286 16.383
4167.6273 16.382
4169.4261 16.364
4171.2248 16.387
4173.0236 16.413
4174.8223 16.414
4176.6211 16.407
4178.4198 16.362
4180.2186 16.360
4182.0173 16.402
4183.8161 16.414
4185.6148 16.394
4187.4136 16.379
4189.2123 16.374
4191.0111 16.386
4192.8098 16.424
4194.6086 16.463
4196.4073 16.462
4198.2061 16.429
4200.0048 16.435
4201.8036 16.420
4203.6023 16.387
4205.4010 16.407
4207.1998 16.454
4208.9985 16.472
4210.7973 16.452
4212.5960 16.442
4214.3948 16.457
4216.1935 16.471
4217.9923 16.468
4219.7910 16.425
4221.5898 16.439
4223.3885 16.433
4225.1873 16.423
4226.9860 16.438
4228.7848 16.443
4230.5835 16.411
4232.3823 16.443
4234.1810 16.498
4235.9798 16.478
4237.7785 16.457
4239.5773 16.465
4241.3760 16.464
4243.1748 16.440
4244.9735 16.440
4246.7723 16.448
4248.5710 16.462
4250.3697 16.458
4252.1685 16.453
4253.9672 16.451
4255.7660 16.449
4257.5647 16.433
4259.3635 16.438
4261.1622 16.421
4262.9610 16.460
4264.7597 16.481
4266.5585 16.456
4268.3572 16.503
4270.1560 16.503
4271.9547 16.475
4273.7535 16.475
4275.5522 16.501
4277.3510 16.481
4279.1497 16.451
4280.9485 16.467
4282.7472 16.483
4284.5460 16.467
4286.3447 16.482
4288.1435 16.513
4289.9422 16.509
4291.7410 16.450
4293.5397 16.466
4295.3385 16.546
4297.1372 16.540
4298.9359 16.497
4300.7347 16.474
4302.5334 16.491
4304.3322 16.534
4306.1309 16.536
4307.9297 16.553
4309.7284 16.558
4311.5272 16.519
4313.3259 16.533
4315.1247 16.506
4316.9234 16.500
4318.7222 16.521
4320.5209 16.548
4322.3197 16.534
4324.1184 16.541
4325.9172 16.553
4327.7159 16.532
4329.5147 16.562
4331.3134 16.593
4333.1122 16.592
4334.9109 16.624
4336.7097 16.662
4338.5084 16.700
4340.3072 16.752
4342.1059 16.780
4343.9047 16.781
4345.7034 16.719
4347.5021 16.722
4349.3009 16.708
4351.0996 16.655
4352.8984 16.610
4354.6971 16.539
4356.4959 16.563
4358.2946 16.639
4360.0934 16.616
4361.8921 16.546
4363.6909 16.565
4365.4896 16.571
4367.2884 16.567
4369.0871 16.568
4370.8859 16.568
4372.6846 16.576
4374.4834 16.572
4376.2821 16.545
4378.0809 16.541
4379.8796 16.563
4381.6784 16.573
4383.4771 16.587
4385.2759 16.586
4387.0746 16.583
4388.8734 16.565
4390.6721 16.553
4392.4708 16.540
4394.2696 16.529
4396.0683 16.529
4397.8671 16.534
4399.6658 16.522
4401.4646 16.525
4403.2633 16.521
4405.0621 16.512
4406.8608 16.517
4408.6596 16.513
4410.4583 16.502
4412.2571 16.512
4414.0558 16.532
4415.8546 16.550
4417.6533 16.576
4419.4521 16.591
4421.2508 16.581
4423.0496 16.573
4424.8483 16.560
4426.6471 16.546
4428.4458 16.539
4430.2446 16.535
4432.0433 16.532
4433.8421 16.547
4435.6408 16.563
4437.4396 16.547
4439.2383 16.522
4441.0370 16.514
4442.8358 16.507
4444.6345 16.521
4446.4333 16.540
4448.2320 16.540
4450.0308 16.543
4451.8295 16.531
4453.6283 16.522
4455.4270 16.537
4457.2258 16.551
4459.0245 16.548
4460.8233 16.541
4462.6220 16.532
4464.4208 16.523
4466.2195 16.545
4468.0183 16.541
4469.8170 16.519
4471.6158 16.535
4473.4145 16.589
4475.2133 16.601
4477.0120 16.585
4478.8108 16.571
4480.6095 16.555
4482.4083 16.572
4484.2070 16.610
4486.0058 16.615
4487.8045 16.615
4489.6032 16.589
4491.4020 16.559
4493.2007 16.569
4494.9995 16.572
4496.7982 16.574
4498.5970 16.563
4500.3957 16.562
4502.1945 16.571
4503.9932 16.573
4505.7920 16.573
4507.5907 16.569
4509.3895 16.563
4511.1882 16.570
4512.9870 16.584
4514.7857 16.586
4516.5845 16.573
4518.3832 16.549
4520.1820 16.533
4521.9807 16.525
4523.7795 16.545
4525.5782 16.575
4527.3770 16.585
4529.1757 16.596
4530.9745 16.590
4532.7732 16.576
4534.5719 16.596
4536.3707 16.607
4538.1694 16.581
4539.9682 16.575
4541.7669 16.597
4543.5657 16.613
4545.3644 16.621
4547.1632 16.623
4548.9619 16.603
4550.7607 16.583
4552.5594 16.587
4554.3582 16.574
4556.1569 16.571
4557.9557 16.557
4559.7544 16.561
4561.5532 16.581
4563.3519 16.608
4565.1507 16.601
4566.9494 16.577
4568.7482 16.584
4570.5469 16.578
4572.3457 16.561
4574.1444 16.566
4575.9432 16.556
4577.7419 16.537
4579.5407 16.525
4581.3394 16.502
4583.1381 16.527
4584.9369 16.561
4586.7356 16.590
4588.5344 16.619
4590.3331 16.608
4592.1319 16.594
4593.9306 16.570
4595.7294 16.561
4597.5281 16.565
4599.3269 16.575
4601.1256 16.595
4602.9244 16.615
4604.7231 16.628
4606.5219 16.618
4608.3206 16.599
4610.1194 16.601
4611.9181 16.605
4613.7169 16.616
4615.5156 16.649
4617.3144 16.641
4619.1131 16.631
4620.9119 16.637
4622.7106 16.633
4624.5094 16.641
4626.3081 16.650
4628.1069 16.643
4629.9056 16.637
4631.7043 16.616
4633.5031 16.611
4635.3018 16.624
4637.1006 16.659
4638.8993 16.680
4640.6981 16.685
4642.4968 16.680
4644.2956 16.663
4646.0943 16.628
4647.8931 16.608
4649.6918 16.614
4651.4906 16.623
4653.2893 16.634
4655.0881 16.630
4656.8868 16.612
4658.6856 16.637
4660.4843 16.670
4662.2831 16.672
4664.0818 16.641
4665.8806 16.631
4667.6793 16.645
4669.4781 16.652
4671.2768 16.669
4673.0756 16.683
4674.8743 16.669
4676.6730 16.672
4678.4718 16.689
4680.2705 16.709
4682.0693 16.717
4683.8680 16.752
4685.6668 16.772
4687.4655 16.764
4689.2643 16.749
4691.0630 16.707
4692.8618 16.679
4694.6605 16.682
4696.4593 16.682
4698.2580 16.676
4700.0568 16.677
4701.8555 16.656
4703.6543 16.653
4705.4530 16.666
4707.2518 16.686
4709.0505 16.696
4710.8493 16.698
4712.6480 16.682
4714.4468 16.696
4716.2455 16.700
4718.0443 16.697
4719.8430 16.699
4721.6418 16.711
4723.4405 16.727
4725.2392 16.716
4727.0380 16.703
4728.8367 16.717
4730.6355 16.727
4732.4342 16.712
4734.2330 16.726
4736.0317 16.733
4737.8305 16.718
4739.6292 16.696
4741.4280 16.675
4743.2267 16.647
4745.0255 16.660
4746.8242 16.686
4748.6230 16.687
4750.4217 16.679
4752.2205 16.646
4754.0192 16.613
4755.8180 16.613
4757.6167 16.611
4759.4155 16.634
4761.2142 16.677
4763.0130 16.704
4764.8117 16.729
4766.6105 16.739
4768.4092 16.734
4770.2080 16.723
4772.0067 16.728
4773.8054 16.738
4775.6042 16.738
4777.4029 16.711
4779.2017 16.689
4781.0004 16.680
4782.7992 16.677
4784.5979 16.677
4786.3967 16.676
4788.1954 16.695
4789.9942 16.697
4791.7929 16.675
4793.5917 16.670
4795.3904 16.669
4797.1892 16.672
4798.9879 16.679
4800.7867 16.669
4802.5854 16.664
4804.3842 16.655
4806.1829 16.635
4807.9817 16.635
4809.7804 16.642
4811.5792 16.605
4813.3779 16.586
4815.1767 16.589
4816.9754 16.613
4818.7741 16.630
4820.5729 16.637
4822.3716 16.655
4824.1704 16.673
4825.9691 16.681
4827.7679 16.681
4829.5666 16.688
4831.3654 16.680
4833.1641 16.681
4834.9629 16.684
4836.7616 16.699
4838.5604 16.716
4840.3591 16.719
4842.1579 16.734
4843.9566 16.750
4845.7554 16.734
4847.5541 16.711
4849.3529 16.723
4851.1516 16.760
4852.9504 16.786
4854.7491 16.814
4856.5479 16.835
4858.3466 16.877
4860.1454 16.903
4861.9441 16.907
4863.7429 16.890
4865.5416 16.879
4867.3403 16.884
4869.1391 16.870
4870.9378 16.843
4872.7366 16.816
4874.5353 16.785
4876.3341 16.760
4878.1328 16.748
4879.9316 16.735
4881.7303 16.713
4883.5291 16.708
4885.3278 16.695
4887.1266 16.691
4888.9253 16.707
4890.7241 16.689
4892.5228 16.664
4894.3216 16.668
4896.1203 16.680
4897.9191 16.679
4899.7178 16.680
4901.5166 16.757
4903.3153 16.783
4905.1141 16.789
4906.9128 16.794
4908.7116 16.794
4910.5103 16.784
4912.3091 16.756
4914.1078 16.742
4915.9065 16.744
4917.7053 16.746
4919.5040 16.748
4921.3028 16.748
4923.1015 16.747
4924.9003 16.735
4926.6990 16.717
4928.4978 16.731
4930.2965 16.754
4932.0953 16.746
4933.8940 16.732
4935.6928 16.730
4937.4915 16.728
4939.2903 16.739
4941.0890 16.750
4942.8878 16.763
4944.6865 16.775
4946.4853 16.781
4948.2840 16.781
4950.0828 16.766
4951.8815 16.755
4953.6803 16.752
4955.4790 16.742
4957.2778 16.722
4959.0765 16.707
4960.8752 16.697
4962.6740 16.694
4964.4727 16.697
4966.2715 16.709
4968.0702 16.727
4969.8690 16.706
4971.6677 16.666
4973.4665 16.674
4975.2652 16.695
4977.0640 16.710
4978.8627 16.723
4980.6615 16.739
4982.4602 16.754
4984.2590 16.765
4986.0577 16.772
4987.8565 16.756
4989.6552 16.746
4991.4540 16.770
4993.2527 16.783
4995.0515 16.762
4996.8502 16.739
4998.6490 16.712
5000.4477 16.699
5002.2465 16.708
5004.0452 16.724
5005.8440 16.748
5007.6427 16.770
5009.4414 16.790
5011.2402 16.795
5013.0389 16.792
5014.8377 16.794
5016.6364 16.798
5018.4352 16.789
5020.2339 16.776
5022.0327 16.763
5023.8314 16.749
5025.6302 16.751
5027.4289 16.755
5029.2277 16.760
5031.0264 16.764
5032.8252 16.757
5034.6239 16.753
5036.4227 16.756
5038.2214 16.763
5040.0202 16.782
5041.8189 16.787
5043.6177 16.761
5045.4164 16.743
5047.2152 16.737
5049.0139 16.735
5050.8127 16.735
5052.6114 16.733
5054.4102 16.729
5056.2089 16.744
5058.0076 16.769
5059.8064 16.769
5061.6051 16.759
5063.4039 16.775
5065.2026 16.800
5067.0014 16.803
5068.8001 16.803
5070.5989 16.775
5072.3976 16.745
5074.1964 16.748
5075.9951 16.752
5077.7939 16.764
5079.5926 16.774
5081.3914 16.774
5083.1901 16.768
5084.9889 16.742
5086.7876 16.723
5088.5864 16.718
5090.3851 16.717
5092.1839 16.723
5093.9826 16.750
5095.7814 16.800
5097.5801 16.811
5099.3789 16.792
5101.1776 16.781
5102.9763 16.775
5104.7751 16.746
5106.5738 16.708
5108.3726 16.704
5110.1713 16.709
5111.9701 16.719
5113.7688 16.730
5115.5676 16.749
5117.3663 16.767
5119.1651 16.745
5120.9638 16.729
5122.7626 16.751
5124.5613 16.771
5126.3601 16.776
5128.1588 16.775
5129.9576 16.759
5131.7563 16.756
5133.5551 16.778
5135.3538 16.800
5137.1526 16.822
5138.9513 16.822
5140.7501 16.801
5142.5488 16.789
5144.3476 16.785
5146.1463 16.789
5147.9451 16.798
5149.7438 16.804
5151.5425 16.809
5153.3413 16.814
5155.1400 16.819
5156.9388 16.833
5158.7375 16.849
5160.5363 16.830
5162.3350 16.810
5164.1338 16.814
5165.9325 16.813
5167.7313 16.775
5169.5300 16.743
5171.3288 16.739
5173.1275 16.746
5174.9263 16.784
5176.7250 16.816
5178.5238 16.836
5180.3225 16.844
5182.1213 16.836
5183.9200 16.838
5185.7188 16.849
5187.5175 16.862
5189.3163 16.876
5191.1150 16.858
5192.9138 16.822
5194.7125 16.800
5196.5113 16.782
5198.3100 16.809
5200.1087 16.848
5201.9075 16.855
5203.7062 16.858
5205.5050 16.859
5207.3037 16.860
5209.1025 16.875
5210.9012 16.887
5212.7000 16.875
5214.4987 16.864
5216.2975 16.863
5218.0962 16.866
5219.8950 16.877
5221.6937 16.884
5223.4925 16.882
5225.2912 16.867
5227.0900 16.835
5228.8887 16.815
5230.6875 16.806
5232.4862 16.804
5234.2850 16.805
5236.0837 16.802
5237.8825 16.795
5239.6812 16.793
5241.4800 16.793
5243.2787 16.799
5245.0774 16.807
5246.8762 16.808
5248.6749 16.809
5250.4737 16.808
5252.2724 16.807
5254.0712 16.798
5255.8699 16.791
5257.6687 16.806
5259.4674 16.818
5261.2662 16.822
5263.0649 16.825
5264.8637 16.827
5266.6624 16.831
5268.4612 16.838
5270.2599 16.847
5272.0587 16.860
5273.8574 16.871
5275.6562 16.881
5277.4549 16.882
5279.2537 16.877
5281.0524 16.858
5282.8512 16.833
5284.6499 16.828
5286.4487 16.830
5288.2474 16.843
5290.0462 16.857
5291.8449 16.877
5293.6436 16.898
5295.4424 16.891
5297.2411 16.883
5299.0399 16.894
5300.8386 16.902
5302.6374 16.884
5304.4361 16.876
5306.2349 16.912
5308.0336 16.936
5309.8324 16.931
5311.6311 16.927
5313.4299 16.924
5315.2286 16.922
5317.0274 16.922
5318.8261 16.952
5320.6249 17.010
5322.4236 17.016
5324.2224 16.985
5326.0211 16.956
5327.8199 16.928
5329.6186 16.917
5331.4174 16.911
5333.2161 16.893
5335.0149 16.873
5336.8136 16.877
5338.6124 16.883
5340.4111 16.866
5342.2098 16.849
5344.0086 16.855
5345.8073 16.861
5347.6061 16.870
5349.4048 16.881
5351.2036 16.900
5353.0023 16.905
5354.8011 16.871
5356.5998 16.847
5358.3986 16.838
5360.1973 16.841
5361.9961 16.860
5363.7948 16.867
5365.5936 16.864
5367.3923 16.873
5369.1911 16.890
5370.9898 16.909
5372.7886 16.929
5374.5873 16.923
5376.3861 16.908
5378.1848 16.904
5379.9836 16.901
5381.7823 16.917
5383.5811 16.936
5385.3798 16.942
5387.1785 16.948
5388.9773 16.949
5390.7760 16.950
5392.5748 16.949
5394.3735 16.951
5396.1723 16.960
5397.9710 16.972
5399.7698 16.992
5401.5685 16.983
5403.3673 16.926
5405.1660 16.896
5406.9648 16.901
5408.7635 16.906
5410.5623 16.911
5412.3610 16.918
5414.1598 16.926
5415.9585 16.917
5417.7573 16.899
5419.5560 16.889
5421.3548 16.883
5423.1535 16.905
5424.9523 16.932
5426.7510 16.942
5428.5498 16.950
5430.3485 16.939
5432.1473 16.930
5433.9460 16.948
5435.7447 16.960
5437.5435 16.940
5439.3422 16.923
5441.1410 16.918
5442.9397 16.908
5444.7385 16.890
5446.5372 16.881
5448.3360 16.889
5450.1347 16.895
5451.9335 16.897
5453.7322 16.909
5455.5310 16.930
5457.3297 16.935
5459.1285 16.931
5460.9272 16.934
5462.7260 16.940
5464.5247 16.935
5466.3235 16.927
5468.1222 16.932
5469.9210 16.940
5471.7197 16.953
5473.5185 16.966
5475.3172 16.921
5477.1160 16.881
5478.9147 16.894
5480.7135 16.904
5482.5122 16.901
5484.3109 16.895
5486.1097 16.884
5487.9084 16.881
5489.7072 16.894
5491.5059 16.911
5493.3047 16.935
5495.1034 16.960
5496.9022 16.987
5498.7009 16.990
5500.4997 16.970
5502.2984 16.954
5504.0972 16.940
5505.8959 16.928
5507.6947 16.917
5509.4934 16.908
5511.2922 16.901
5513.0909 16.884
5514.8897 16.866
5516.6884 16.867
5518.4872 16.870
5520.2859 16.898
5522.0847 16.926
5523.8834 16.950
5525.6822 16.968
5527.4809 16.947
5529.2796 16.935
5531.0784 16.954
5532.8771 16.959
5534.6759 16.934
5536.4746 16.906
5538.2734 16.877
5540.0721 16.868
5541.8709 16.885
5543.6696 16.909
5545.4684 16.938
5547.2671 16.972
5549.0659 17.007
5550.8646 17.016
5552.6634 17.013
5554.4621 16.994
5556.2609 16.970
5558.0596 16.985
5559.8584 17.006
5561.6571 16.994
5563.4559 16.978
5565.2546 16.975
5567.0534 16.975
5568.8521 17.003
5570.6509 17.030
5572.4496 17.052
5574.2484 17.081
5576.0471 17.132
5577.8458 17.162
5579.6446 17.145
5581.4433 17.126
5583.2421 17.105
5585.0408 17.068
5586.8396 17.013
5588.6383 16.969
5590.4371 16.934
5592.2358 16.946
5594.0346 16.987
5595.8333 16.980
5597.6321 16.953
5599.4308 16.938
5601.2296 16.927
5603.0283 16.959
5604.8271 16.998
5606.6258 17.002
5608.4246 17.004
5610.2233 16.993
5612.0221 16.983
5613.8208 16.989
5615.6196 16.995
5617.4183 17.002
5619.2171 17.012
5621.0158 17.030
5622.8146 17.039
5624.6133 17.026
5626.4120 17.021
5628.2108 17.029
5630.0095 17.031
5631.8083 17.024
5633.6070 17.017
5635.4058 17.010
5637.2045 17.023
5639.0033 17.049
5640.8020 17.061
5642.6008 17.067
5644.3995 17.064
5646.1983 17.059
5647.9970 17.018
5649.7958 16.970
5651.5945 16.955
5653.3933 16.943
5655.1920 16.981
5656.9908 17.017
5658.7895 17.028
5660.5883 17.038
5662.3870 17.034
5664.1858 17.033
5665.9845 17.043
5667.7833 17.048
5669.5820 17.044
5671.3807 17.039
5673.1795 17.033
5674.9782 17.025
5676.7770 17.014
5678.5757 17.013
5680.3745 17.020
5682.1732 17.007
5683.9720 16.984
5685.7707 16.970
5687.5695 16.961
5689.3682 16.963
5691.1670 16.970
5692.9657 16.982
5694.7645 16.994
5696.5632 17.001
5698.3620 17.007
5700.1607 16.999
5701.9595 16.994
5703.7582 17.028
5705.5570 17.054
5707.3557 17.049
5709.1545 17.045
5710.9532 17.045
5712.7520 17.046
5714.5507 17.047
5716.3495 17.057
5718.1482 17.079
5719.9469 17.092
5721.7457 17.096
5723.5444 17.091
5725.3432 17.079
5727.1419 17.067
5728.9407 17.055
5730.7394 17.054
5732.5382 17.058
5734.3369 17.091
5736.1357 17.131
5737.9344 17.124
5739.7332 17.110
5741.5319 17.119
5743.3307 17.129
5745.1294 17.113
5746.9282 17.096
5748.7269 17.069
5750.5257 17.043
5752.3244 17.018
5754.1232 16.997
5755.9219 16.986
5757.7207 16.996
5759.5194 17.048
5761.3182 17.075
5763.1169 17.063
5764.9156 17.046
5766.7144 17.023
5768.5131 17.021
5770.3119 17.036
5772.1106 17.039
5773.9094 17.035
5775.7081 17.045
5777.5069 17.061
5779.3056 17.081
5781.1044 17.103
5782.9031 17.063
5784.7019 17.014
5786.5006 17.005
5788.2994 16.998
5790.0981 16.976
5791.8969 16.960
5793.6956 16.993
5795.4944 17.022
5797.2931 17.036
5799.0919 17.054
5800.8906 17.084
5802.6894 17.095
5804.4881 17.070
5806.2869 17.048
5808.0856 17.032
5809.8844 17.024
5811.6831 17.025
5813.4818 17.023
5815.2806 17.019
5817.0793 16.989
5818.8781 16.946
5820.6768 16.942
5822.4756 16.955
5824.2743 16.946
5826.0731 16.931
5827.8718 16.951
5829.6706 16.975
5831.4693 17.006
5833.2681 17.036
5835.0668 17.039
5836.8656 17.044
5838.6643 17.075
5840.4631 17.101
5842.2618 17.110
5844.0606 17.105
5845.8593 17.064
5847.6581 17.021
5849.4568 16.973
5851.2556 16.954
5853.0543 16.976
5854.8531 17.017
5856.6518 17.077
5858.4506 17.086
5860.2493 17.058
5862.0480 17.071
5863.8468 17.106
5865.6455 17.101
5867.4443 17.082
5869.2430 17.114
5871.0418 17.160
5872.8405 17.140
5874.6393 17.111
5876.4380 17.085
5878.2368 17.060
5880.0355 17.073
5881.8343 17.084
5883.6330 17.076
5885.4318 17.076
5887.2305 17.107
5889.0293 17.120
5890.8280 17.085
5892.6268 17.087
5894.4255 17.156
5896.2243 17.173
5898.0230 17.117
5899.8218 17.062
5901.6205 17.008
5903.4193 17.018
5905.2180 17.074
5907.0167 17.095
5908.8155 17.098
5910.6142 17.089
5912.4130 17.074
5914.2117 17.084
5916.0105 17.099
5917.8092 17.118
5919.6080 17.138
5921.4067 17.118
5923.2055 17.096
5925.0042 17.074
5926.8030 17.057
5928.6017 17.079
5930.4005 17.091
5932.1992 17.065
5933.9980 17.037
5935.7967 17.004
5937.5955 16.987
5939.3942 17.000
5941.1930 17.012
5942.9917 17.022
5944.7905 17.034
5946.5892 17.046
5948.3880 17.049
5950.1867 17.047
5951.9855 17.062
5953.7842 17.087
5955.5829 17.097
5957.3817 17.102
5959.1804 17.103
5960.9792 17.104
5962.7779 17.199
5964.5767 17.306
5966.3754 17.302
5968.1742 17.291
5969.9729 17.214
5971.7717 17.144
5973.5704 17.118
5975.3692 17.106
5977.1679 17.142
5978.9667 17.165
5980.7654 17.154
5982.5642 17.147
5984.3629 17.148
5986.1617 17.139
5987.9604 17.116
5989.7592 17.081
5991.5579 17.035
5993.3567 17.023
5995.1554 17.035
5996.9542 17.036
5998.7529 17.032
6000.5517 17.032
6002.3504 17.033
6004.1491 17.058
6005.9479 17.089
6007.7466 17.048
6009.5454 16.999
6011.3441 16.992
6013.1429 16.990
6014.9416 17.058
6016.7404 17.115
6018.5391 17.091
6020.3379 17.074
6022.1366 17.081
6023.9354 17.087
6025.7341 17.090
6027.5329 17.092
6029.3316 17.092
6031.1304 17.103
6032.9291 17.126
6034.7279 17.142
6036.5266 17.151
6038.3254 17.142
6040.1241 17.121
6041.9229 17.130
6043.7216 17.155
6045.5204 17.184
6047.3191 17.214
6049.1178 17.200
6050.9166 17.176
6052.7153 17.147
6054.5141 17.119
6056.3128 17.114
6058.1116 17.110
6059.9103 17.114
6061.7091 17.118
6063.5078 17.122
6065.3066 17.133
6067.1053 17.169
6068.9041 17.198
6070.7028 17.208
6072.5016 17.207
6074.3003 17.191
6076.0991 17.159
6077.8978 17.106
6079.6966 17.078
6081.4953 17.073
6083.2941 17.109
6085.0928 17.174
6086.8916 17.200
6088.6903 17.210
6090.4891 17.162
6092.2878 17.096
6094.0866 17.136
6095.8853 17.197
6097.6840 17.160
6099.4828 17.113
6101.2815 17.111
6103.0803 17.106
6104.8790 17.058
6106.6778 17.030
6108.4765 17.119
6110.2753 17.184
6112.0740 17.158
6113.8728 17.127
6115.6715 17.087
6117.4703 17.076
6119.2690 17.117
6121.0678 17.119
6122.8665 17.076
6124.6653 17.069
6126.4640 17.092
6128.2628 17.076
6130.0615 17.033
6131.8603 17.020
6133.6590 17.021
6135.4578 17.050
6137.2565 17.088
6139.0553 17.094
6140.8540 17.094
6142.6528 17.155
6144.4515 17.221
6146.2502 17.120
6148.0490 17.026
6149.8477 17.030
6151.6465 17.042
6153.4452 17.094
6155.2440 17.135
6157.0427 17.134
6158.8415 17.142
6160.6402 17.172
6162.4390 17.195
6164.2377 17.204
6166.0365 17.195
6167.8352 17.162
6169.6340 17.143
6171.4327 17.134
6173.2315 17.128
6175.0302 17.123
6176.8290 17.108
6178.6277 17.088
6180.4265 17.094
6182.2252 17.108
6184.0240 17.136
6185.8227 17.167
6187.6215 17.189
6189.4202 17.210
6191.2189 17.169
6193.0177 17.135
6194.8164 17.188
6196.6152 17.226
6198.4139 17.185
6200.2127 17.150
6202.0114 17.137
6203.8102 17.116
6205.6089 17.081
6207.4077 17.099
6209.2064 17.203
6211.0052 17.264
6212.8039 17.276
6214.6027 17.223
6216.4014 17.114
6218.2002 17.092
6219.9989 17.124
6221.7977 17.140
6223.5964 17.149
6225.3952 17.128
6227.1939 17.099
6228.9927 17.082
6230.7914 17.068
6232.5902 17.114
6234.3889 17.164
6236.1877 17.201
6237.9864 17.234
6239.7851 17.217
6241.5839 17.203
6243.3826 17.210
6245.1814 17.210
6246.9801 17.191
6248.7789 17.187
6250.5776 17.213
6252.3764 17.242
6254.1751 17.275
6255.9739 17.272
6257.7726 17.228
6259.5714 17.235
6261.3701 17.282
6263.1689 17.268
6264.9676 17.216
6266.7664 17.169
6268.5651 17.125
6270.3639 17.120
6272.1626 17.128
6273.9614 17.159
6275.7601 17.195
6277.5589 17.262
6279.3576 17.330
6281.1564 17.285
6282.9551 17.245
6284.7539 17.256
6286.5526 17.254
6288.3513 17.189
6290.1501 17.144
6291.9488 17.162
6293.7476 17.177
6295.5463 17.188
6297.3451 17.189
6299.1438 17.177
6300.9426 17.196
6302.7413 17.249
6304.5401 17.249
6306.3388 17.206
6308.1376 17.181
6309.9363 17.167
6311.7351 17.185
6313.5338 17.217
6315.3326 17.225
6317.1313 17.225
6318.9301 17.238
6320.7288 17.253
6322.5276 17.276
6324.3263 17.298
6326.1251 17.216
6327.9238 17.146
6329.7226 17.180
6331.5213 17.206
6333.3200 17.197
6335.1188 17.203
6336.9175 17.259
6338.7163 17.285
6340.5150 17.249
6342.3138 17.221
6344.1125 17.207
6345.9113 17.233
6347.7100 17.301
6349.5088 17.362
6351.3075 17.416
6353.1063 17.447
6354.9050 17.464
6356.7038 17.473
6358.5025 17.479
6360.3013 17.422
6362.1000 17.349
6363.8988 17.304
6365.6975 17.264
6367.4963 17.306
6369.2950 17.349
6371.0938 17.274
6372.8925 17.206
6374.6913 17.214
6376.4900 17.220
6378.2888 17.214
6380.0875 17.212
6381.8862 17.219
6383.6850 17.228
6385.4837 17.244
6387.2825 17.262
6389.0812 17.284
6390.8800 17.287
6392.6787 17.271
6394.4775 17.265
6396.2762 17.267
6398.0750 17.277
6399.8737 17.293
6401.6725 17.336
6403.4712 17.390
6405.2700 17.352
6407.0687 17.291
6408.8675 17.223
6410.6662 17.154
6412.4650 17.225
6414.2637 17.299
6416.0625 17.247
6417.8612 17.202
6419.6600 17.226
6421.4587 17.258
6423.2575 17.324
6425.0562 17.337
6426.8550 17.197
6428.6537 17.122
6430.4524 17.179
6432.2512 17.261
6434.0499 17.378
6435.8487 17.446
6437.6474 17.464
6439.4462 17.375
6441.2449 17.207
6443.0437 17.144
6444.8424 17.139
6446.6412 17.121
6448.4399 17.099
6450.2387 17.111
6452.0374 17.131
6453.8362 17.197
6455.6349 17.271
6457.4337 17.191
6459.2324 17.108
6461.0312 17.181
6462.8299 17.248
6464.6287 17.270
6466.4274 17.278
6468.2262 17.223
6470.0249 17.188
6471.8237 17.206
6473.6224 17.243
6475.4211 17.313
6477.2199 17.339
6479.0186 17.303
6480.8174 17.297
6482.6161 17.323
6484.4149 17.332
6486.2136 17.328
6488.0124 17.301
6489.8111 17.262
6491.6099 17.238
6493.4086 17.221
6495.2074 17.186
6497.0061 17.148
6498.8049 17.195
6500.6036 17.254
6502.4024 17.289
6504.2011 17.320
6505.9999 17.262
6507.7986 17.208
6509.5974 17.190
6511.3961 17.190
6513.1949 17.271
6514.9936 17.316
6516.7924 17.264
6518.5911 17.226
6520.3899 17.212
6522.1886 17.253
6523.9873 17.368
6525.7861 17.404
6527.5848 17.361
6529.3836 17.264
6531.1823 17.128
6532.9811 17.133
6534.7798 17.211
6536.5786 17.289
6538.3773 17.367
6540.1761 17.358
6541.9748 17.328
6543.7736 17.339
6545.5723 17.356
6547.3711 17.324
6549.1698 17.295
6550.9686 17.388
6552.7673 17.466
6554.5661 17.435
6556.3648 17.428
6558.1636 17.519
6559.9623 17.586
6561.7611 17.592
6563.5598 17.692
6565.3586 17.967
6567.1573 18.110
6568.9561 18.077
6570.7548 17.932
6572.5535 17.679
6574.3523 17.538
6576.1510 17.475
6577.9498 17.431
6579.7485 17.398
6581.5473 17.420
6583.3460 17.462
6585.1448 17.472
6586.9435 17.475
6588.7423 17.390
6590.5410 17.294
6592.3398 17.286
6594.1385 17.279
6595.9373 17.266
6597.7360 17.269
6599.5348 17.377
6601.3335 17.457
6603.1323 17.427
6604.9310 17.394
6606.7298 17.354
6608.5285 17.305
6610.3273 17.239
6612.1260 17.183
6613.9248 17.141
6615.7235 17.119
6617.5222 17.117
6619.3210 17.123
6621.1197 17.135
6622.9185 17.190
6624.7172 17.268
6626.5160 17.348
6628.3147 17.429
6630.1135 17.511
6631.9122 17.595
6633.7110 17.545
6635.5097 17.481
6637.3085 17.385
6639.1072 17.296
6640.9060 17.335
6642.7047 17.381
6644.5035 17.468
6646.3022 17.533
6648.1010 17.507
6649.8997 17.480
6651.6985 17.451
6653.4972 17.416
6655.2960 17.373
6657.0947 17.330
6658.8935 17.288
6660.6922 17.284
6662.4910 17.314
6664.2897 17.346
6666.0884 17.379
6667.8872 17.331
6669.6859 17.243
6671.4847 17.265
6673.2834 17.325
6675.0822 17.418
6676.8809 17.518
6678.6797 17.450
6680.4784 17.363
6682.2772 17.350
6684.0759 17.344
6685.8747 17.419
6687.6734 17.468
6689.4722 17.348
6691.2709 17.244
6693.0697 17.198
6694.8684 17.169
6696.6672 17.182
6698.4659 17.196
6700.2647 17.214
6702.0634 17.222
6703.8622 17.219
6705.6609 17.257
6707.4597 17.332
6709.2584 17.347
6711.0572 17.322
6712.8559 17.323
6714.6546 17.335
6716.4534 17.404
6718.2521 17.491
6720.0509 17.430
6721.8496 17.339
6723.6484 17.311
6725.4471 17.289
6727.2459 17.298
6729.0446 17.316
6730.8434 17.453
6732.6421 17.566
6734.4409 17.527
6736.2396 17.514
6738.0384 17.594
6739.8371 17.578
6741.6359 17.335
6743.4346 17.188
6745.2334 17.203
6747.0321 17.206
6748.8309 17.196
6750.6296 17.206
6752.4284 17.236
6754.2271 17.283
6756.0259 17.343
6757.8246 17.346
6759.6233 17.323
6761.4221 17.297
6763.2208 17.271
6765.0196 17.256
6766.8183 17.243
6768.6171 17.150
6770.4158 17.048
6772.2146 17.140
6774.0133 17.222
6775.8121 17.166
6777.6108 17.136
6779.4096 17.251
6781.2083 17.352
6783.0071 17.400
6784.8058 17.424
6786.6046 17.390
6788.4033 17.339
6790.2021 17.262
6792.0008 17.241
6793.7996 17.285
6795.5983 17.356
6797.3971 17.450
6799.1958 17.493
6800.9946 17.503
6802.7933 17.455
6804.5921 17.381
6806.3908 17.451
6808.1895 17.565
6809.9883 17.492
6811.7870 17.384
6813.5858 17.407
6815.3845 17.442
6817.1833 17.383
6818.9820 17.330
6820.7808 17.353
6822.5795 17.381
6824.3783 17.434
6826.1770 17.455
6827.9758 17.365
6829.7745 17.287
6831.5733 17.235
6833.3720 17.179
6835.1708 17.116
6836.9695 17.109
6838.7683 17.168
6840.5670 17.287
6842.3658 17.457
6844.1645 17.506
6845.9633 17.480
6847.7620 17.413
6849.5608 17.328
6851.3595 17.467
6853.1583 17.671
6854.9570 17.852
6856.7557 18.029
6858.5545 17.775
6860.3532 17.488
6862.1520 17.571
6863.9507 17.639
6865.7495 17.541
6867.5482 17.442
6869.3470 17.338
6871.1457 17.277
6872.9445 17.359
6874.7432 17.431
6876.5420 17.479
6878.3407 17.473
6880.1395 17.382
6881.9382 17.317
6883.7370 17.284
6885.5357 17.334
6887.3345 17.454
6889.1332 17.536
6890.9320 17.595
6892.7307 17.532
6894.5295 17.418
6896.3282 17.481
6898.1270 17.595
6899.9257 17.624
6901.7244 17.638
6903.5232 17.572
6905.3219 17.500
6907.1207 17.414
6908.9194 17.338
6910.7182 17.376
6912.5169 17.392
6914.3157 17.289
6916.1144 17.200
6917.9132 17.150
6919.7119 17.147
6921.5107 17.247
6923.3094 17.365
6925.1082 17.513
6926.9069 17.571
6928.7057 17.531
6930.5044 17.467
6932.3032 17.385
6934.1019 17.291
6935.9007 17.192
6937.6994 17.443
6939.4982 17.841
6941.2969 17.781
6943.0957 17.594
6944.8944 17.492
6946.6932 17.405
6948.4919 17.448
6950.2906 17.496
6952.0894 17.385
6953.8881 17.290
6955.6869 17.350
6957.4856 17.395
6959.2844 17.371
6961.0831 17.357
6962.8819 17.375
6964.6806 17.394
6966.4794 17.415
6968.2781 17.439
6970.0769 17.467
6971.8756 17.411
6973.6744 17.262
6975.4731 17.179
6977.2719 17.150
6979.0706 17.243
6980.8694 17.405
6982.6681 17.476
6984.4669 17.509
6986.2656 17.485
6988.0644 17.446
6989.8631 17.442
6991.6619 17.445
6993.4606 17.478
6995.2594 17.512
6997.0581 17.474
6998.8568 17.439
7000.6556 17.435
7002.4543 17.431
7004.2531 17.430
7006.0518 17.442
7007.8506 17.494
7009.6493 17.502
7011.4481 17.422
7013.2468 17.355
7015.0456 17.308
7016.8443 17.314
7018.6431 17.375
7020.4418 17.466
7022.2406 17.581
7024.0393 17.545
7025.8381 17.423
7027.6368 17.436
7029.4356 17.504
7031.2343 17.361
7033.0331 17.164
7034.8318 17.297
7036.6306 17.480
7038.4293 17.554
7040.2281 17.618
7042.0268 17.503
7043.8255 17.395
7045.6243 17.354
7047.4230 17.322
7049.2218 17.331
7051.0205 17.324
7052.8193 17.270
7054.6180 17.253
7056.4168 17.308
7058.2155 17.340
7060.0143 17.336
7061.8130 17.441
7063.6118 17.660
7065.4105 17.631
7067.2093 17.413
7069.0080 17.336
7070.8068 17.338
7072.6055 17.286
7074.4043 17.213
7076.2030 17.273
7078.0018 17.367
7079.8005 17.289
7081.5993 17.187
7083.3980 17.184
7085.1968 17.192
7086.9955 17.425
7088.7943 17.635
7090.5930 17.642
7092.3917 17.634
7094.1905 17.555
7095.9892 17.457
7097.7880 17.309
7099.5867 17.262
7101.3855 17.411
7103.1842 17.463
7104.9830 17.379
7106.7817 17.401
7108.5805 17.531
7110.3792 17.580
7112.1780 17.570
7113.9767 17.482
7115.7755 17.351
7117.5742 17.287
7119.3730 17.248
7121.1717 17.281
7122.9705 17.331
7124.7692 17.396
7126.5680 17.463
7128.3667 17.509
7130.1655 17.550
7131.9642 17.474
7133.7630 17.413
7135.5617 17.465
7137.3605 17.496
7139.1592 17.437
7140.9579 17.378
7142.7567 17.320
7144.5554 17.300
7146.3542 17.352
7148.1529 17.339
7149.9517 17.235
7151.7504 17.165
7153.5492 17.128
7155.3479 17.113
7157.1467 17.114
7158.9454 17.263
7160.7442 17.490
7162.5429 17.509
7164.3417 17.453
7166.1404 17.539
7167.9392 17.658
7169.7379 17.528
7171.5367 17.365
7173.3354 17.418
7175.1342 17.476
7176.9329 17.476
7178.7317 17.490
7180.5304 17.610
7182.3292 17.673
7184.1279 17.508
7185.9266 17.368
7187.7254 17.299
7189.5241 17.308
7191.3229 17.462
7193.1216 17.492
7194.9204 17.354
7196.7191 17.321
7198.5179 17.391
7200.3166 17.462
7202.1154 17.536
7203.9141 17.445
7205.7129 17.269
7207.5116 17.214
7209.3104 17.202
7211.1091 17.244
7212.9079 17.299
7214.7066 17.396
7216.5054 17.499
7218.3041 17.562
7220.1029 17.623
7221.9016 17.642
7223.7004 17.646
7225.4991 17.538
7227.2979 17.433
7229.0966 17.340
7230.8954 17.297
7232.6941 17.385
7234.4928 17.414
7236.2916 17.334
7238.0903 17.267
7239.8891 17.215
7241.6878 17.318
7243.4866 17.568
7245.2853 18.301
7247.0841 19.371
7248.8828 18.935
7250.6816 17.741
7252.4803 17.449
7254.2791 17.469
7256.0778 17.590
7257.8766 17.733
7259.6753 17.619
7261.4741 17.477
7263.2728 17.414
7265.0716 17.365
7266.8703 17.555
7268.6691 17.732
7270.4678 17.830
7272.2666 17.968
7274.0653 18.262
7275.8641 18.384
7277.6628 18.068
7279.4616 17.807
7281.2603 17.642
7283.0590 17.514
7284.8578 17.433
7286.6565 17.467
7288.4553 17.611
7290.2540 17.872
7292.0528 18.212
7293.8515 18.185
7295.6503 17.978
7297.4490 18.048
7299.2478 18.212
7301.0465 18.099
7302.8453 17.927
7304.6440 17.726
7306.4428 17.523
7308.2415 17.572
7310.0403 17.617
7311.8390 17.519
7313.6378 17.412
7315.4365 17.239
7317.2353 17.084
7319.0340 16.993
7320.8328 16.951
7322.6315 17.028
7324.4303 17.067
7326.2290 17.041
7328.0277 17.122
7329.8265 17.338
7331.6252 17.445
7333.4240 17.454
7335.2227 17.557
7337.0215 17.722
7338.8202 17.607
7340.6190 17.356
7342.4177 17.376
7344.2165 17.485
7346.0152 17.457
7347.8140 17.401
7349.6127 17.559
7351.4115 17.738
7353.2102 17.700
7355.0090 17.730
7356.8077 18.814
7358.6065 19.663
7360.4052 19.070
7362.2040 18.506
7364.0027 18.042
7365.8015 17.760
7367.6002 17.916
7369.3990 17.890
7371.1977 17.561
7372.9965 17.416
7374.7952 17.496
7376.5939 17.633
7378.3927 17.819
7380.1914 18.625
7381.9902 19.835
7383.7889 19.465
7385.5877 18.358
7387.3864 17.905
7389.1852 17.660
7390.9839 17.552
7392.7827 17.472
7394.5814 17.555
7396.3802 17.654
7398.1789 17.502
7399.9777 17.368
7401.7764 17.506
7403.5752 17.634
7405.3739 17.704
7407.1727 17.720
7408.9714 17.546
7410.7702 17.451
7412.5689 17.541
7414.3677 17.606
7416.1664 17.630
7417.9652 17.603
7419.7639 17.514
7421.5627 17.426
7423.3614 17.339
7425.1601 17.358
7426.9589 17.445
7428.7576 17.340
7430.5564 17.148
7432.3551 17.359
7434.1539 17.695
7435.9526 17.936
7437.7514 18.158
7439.5501 17.942
7441.3489 17.687
7443.1476 17.653
7444.9464 17.616
7446.7451 17.522
7448.5439 17.432
7450.3426 17.356
7452.1414 17.310
7453.9401 17.364
7455.7389 17.415
7457.5376 17.459
7459.3364 17.566
7461.1351 17.772
7462.9339 17.838
7464.7326 17.738
7466.5314 17.530
7468.3301 17.229
7470.1288 17.134
7471.9276 17.168
7473.7263 17.310
7475.5251 17.499
7477.3238 17.618
7479.1226 17.715
7480.9213 17.985
7482.7201 18.285
7484.5188 19.107
7486.3176 19.967
7488.1163 19.286
7489.9151 18.623
7491.7138 18.168
7493.5126 17.731
7495.3113 17.396
7497.1101 17.160
7498.9088 17.250
7500.7076 17.421
7502.5063 17.770
7504.3051 17.875
7506.1038 17.595
7507.9026 17.515
7509.7013 17.664
7511.5001 17.764
7513.2988 17.824
7515.0976 17.700
7516.8963 17.462
7518.6950 17.626
7520.4938 17.963
7522.2925 17.843
7524.0913 17.591
7525.8900 17.319
7527.6888 17.045
7529.4875 17.616
7531.2863 18.243
7533.0850 17.938
7534.8838 17.661
7536.6825 17.698
7538.4813 17.781
7540.2800 18.105
7542.0788 18.339
7543.8775 18.290
7545.6763 18.172
7547.4750 17.902
7549.2738 17.803
7551.0725 17.965
7552.8713 17.942
7554.6700 17.713
7556.4688 17.589
7558.2675 17.552
7560.0663 17.639
7561.8650 17.799
7563.6637 18.214
7565.4625 18.735
7567.2612 18.356
7569.0600 17.724
7570.8587 17.659
7572.6575 17.686
7574.4562 17.536
7576.2550 17.377
7578.0537 17.515
7579.8525 17.622
7581.6512 17.423
7583.4500 17.220
7585.2487 16.991
7587.0475 16.864
7588.8462 17.052
7590.6450 17.219
7592.4437 17.340
7594.2425 17.536
7596.0412 17.844
7597.8400 17.984
7599.6387 17.941
7601.4375 17.798
7603.2362 17.577
7605.0350 17.559
7606.8337 17.661
7608.6325 18.418
7610.4312 19.444
7612.2299 19.701
7614.0287 19.748
7615.8274 19.076
7617.6262 18.291
7619.4249 19.257
7621.2237 20.288
7623.0224 18.953
7624.8212 17.720
7626.6199 17.445
7628.4187 17.294
7630.2174 17.732
7632.0162 18.172
7633.8149 18.618
7635.6137 18.911
7637.4124 18.890
7639.2112 18.697
7641.0099 18.252
7642.8087 18.573
7644.6074 19.715
7646.4062 19.675
7648.2049 18.705
7650.0037 18.183
7651.8024 17.917
7653.6012 18.166
7655.3999 18.622
7657.1987 18.233
7658.9974 17.623
7660.7961 18.685
7662.5949 20.000
7664.3936 18.956
7666.1924 17.800
7667.9911 17.510
7669.7899 17.255
7671.5886 17.322
7673.3874 17.377
7675.1861 17.372
7676.9849 17.349
7678.7836 17.272
7680.5824 17.218
7682.3811 17.209
7684.1799 17.754
7685.9786 19.094
7687.7774 19.739
7689.5761 19.658
7691.3749 18.900
7693.1736 17.624
7694.9724 17.131
7696.7711 17.073
7698.5699 17.249
7700.3686 17.516
7702.1674 18.516
7703.9661 19.701
7705.7648 18.609
7707.5636 17.191
7709.3623 17.139
7711.1611 17.150
7712.9598 17.000
7714.7586 16.843
7716.5573 16.634
7718.3561 16.494
7720.1548 16.656
7721.9536 16.743
7723.7523 16.618
7725.5511 16.550
7727.3498 16.594
7729.1486 16.818
7730.9473 17.294
7732.7461 17.510
7734.5448 17.458
7736.3436 17.608
7738.1423 17.911
7739.9411 17.819
7741.7398 17.513
7743.5386 17.647
7745.3373 17.949
7747.1361 18.356
7748.9348 18.790
7750.7336 19.549
7752.5323 20.352
7754.3310 18.953
7756.1298 17.562
7757.9285 19.095
7759.7273 20.449
7761.5260 20.386
7763.3248 20.414
7765.1235 20.831
7766.9223 21.068
7768.7210 20.809
7770.5198 20.508
7772.3185 20.130
7774.1173 19.301
7775.9160 17.853
7777.7148 17.173
7779.5135 17.265
7781.3123 17.361
7783.1110 17.461
7784.9098 17.300
7786.7085 17.001
7788.5073 17.042
7790.3060 17.207
7792.1048 17.556
7793.9035 17.949
7795.7023 17.804
7797.5010 17.590
7799.2998 18.902
7801.0985 20.162
7802.8972 18.783
7804.6960 17.575
7806.4947 17.643
7808.2935 18.139
7810.0922 20.403
7811.8910 21.890
7813.6897 21.302
7815.4885 20.760
7817.2872 20.302
7819.0860 20.457
7820.8847 21.437
7822.6835 21.688
7824.4822 21.221
7826.2810 20.617
7828.0797 19.914
7829.8785 19.633
7831.6772 19.571
7833.4760 18.741
7835.2747 17.636
7837.0735 18.293
7838.8722 19.354
7840.6710 19.433
7842.4697 19.392
7844.2685 18.843
7846.0672 18.289
7847.8659 17.972
7849.6647 17.824
7851.4634 18.879
7853.2622 19.439
7855.0609 18.027
7856.8597 17.438
7858.6584 18.988
7860.4572 19.994
7862.2559 20.013
7864.0547 19.793
7865.8534 19.258
7867.6522 18.877
7869.4509 18.644
7871.2497 18.491
7873.0484 18.394
7874.8472 18.879
7876.6459 19.659
7878.4447 20.185
7880.2434 20.622
7882.0422 19.273
7883.8409 17.531
7885.6397 18.393
7887.4384 19.556
7889.2372 19.537
7891.0359 19.492
7892.8347 19.558
7894.6334 19.610
7896.4321 19.575
7898.2309 19.153
7900.0296 17.241
7901.8284 16.085
7903.6271 16.840
7905.4259 17.278
7907.2246 17.156
7909.0234 16.992
7910.8221 16.773
7912.6209 16.584
7914.4196 16.425
7916.2184 16.268
7918.0171 16.113
7919.8159 16.265
7921.6146 16.570
7923.4134 16.657
7925.2121 16.670
7927.0109 18.165
7928.8096 19.975
7930.6084 19.991
7932.4071 19.811
7934.2059 18.950
7936.0046 18.098
7937.8034 17.633
7939.6021 17.199
7941.4009 16.976
7943.1996 16.832
7944.9983 16.982
7946.7971 17.142
7948.5958 17.327
7950.3946 17.416
7952.1933 17.336
7953.9921 17.223
7955.7908 17.067
7957.5896 18.056
7959.3883 20.098
7961.1871 21.789
7962.9858 23.242
7964.7846 22.869
7966.5833 21.617
7968.3821 20.046
7970.1808 18.370
7971.9796 19.302
7973.7783 20.768
7975.5771 20.420
7977.3758 19.886
7979.1746 18.501
7980.9733 17.311
7982.7721 19.285
7984.5708 20.937
7986.3696 20.607
7988.1683 20.040
7989.9670 18.618
7991.7658 17.533
7993.5645 17.258
7995.3633 17.027
7997.1620 16.867
7998.9608 16.744
8000.7595 16.665
8002.5583 16.623
8004.3570 16.614
8006.1558 16.542
8007.9545 16.429
8009.7533 16.652
8011.5520 17.033
8013.3508 17.297
8015.1495 17.523
8016.9483 17.173
8018.7470 16.710
8020.5458 16.555
8022.3445 16.430
8024.1433 16.682
8025.9420 16.909
8027.7408 16.755
8029.5395 16.597
8031.3383 16.426
8033.1370 16.460
8034.9358 17.210
8036.7345 17.789
8038.5332 17.972
8040.3320 17.873
8042.1307 17.311
8043.9295 16.966
8045.7282 16.885
8047.5270 16.984
8049.3257 17.243
8051.1245 17.203
8052.9232 16.971
8054.7220 18.144
8056.5207 19.960
8058.3195 21.709
8060.1182 23.439
8061.9170 22.132
8063.7157 20.250
8065.5145 18.918
8067.3132 17.635
8069.1120 17.620
8070.9107 17.590
8072.7095 17.301
8074.5082 17.045
8076.3070 16.970
8078.1057 16.919
8079.9045 16.948
8081.7032 16.985
8083.5020 17.040
8085.3007 17.152
8087.0994 17.356
8088.8982 17.547
8090.6969 17.725
8092.4957 17.671
8094.2944 17.418
8096.0932 17.303
8097.8919 17.275
8099.6907 17.212
8101.4894 17.135
8103.2882 17.097
8105.0869 17.072
8106.8857 17.628
8108.6844 18.290
8110.4832 18.576
8112.2819 18.829
8114.0807 18.423
8115.8794 18.019
8117.6782 17.631
8119.4769 17.281
8121.2757 17.133
8123.0744 17.134
8124.8732 17.621
8126.6719 18.508
8128.4707 20.285
8130.2694 21.844
8132.0681 23.062
8133.8669 22.963
8135.6656 21.348
8137.4644 19.715
8139.2631 18.066
8141.0619 17.669
8142.8606 18.041
8144.6594 18.514
8146.4581 19.032
8148.2569 18.924
8150.0556 18.633
8151.8544 18.274
8153.6531 17.903
8155.4519 18.642
8157.2506 19.469
8159.0494 21.011
8160.8481 22.392
8162.6469 22.004
8164.4456 21.458
8166.2444 20.088
8168.0431 18.971
8169.8419 18.667
8171.6406 18.446
8173.4394 18.406
8175.2381 18.917
8177.0369 20.278
8178.8356 21.415
8180.6343 22.298
8182.4331 22.700
8184.2318 22.704
8186.0306 22.358
8187.8293 21.802
8189.6281 20.774
8191.4268 19.548
8193.2256 11.458
8195.0243  1.431
