3112.3301 12.819
3114.4115 12.810
3116.4929 12.775
3118.5743 12.734
3120.6557 12.725
3122.7371 12.759
3124.8185 12.761
3126.8999 12.743
3128.9813 12.726
3131.0627 12.699
3133.1441 12.699
3135.2255 12.687
3137.3069 12.674
3139.3883 12.644
3141.4697 12.616
3143.5511 12.588
3145.6325 12.582
3147.7139 12.609
3149.7953 12.619
3151.8767 12.613
3153.9581 12.609
3156.0395 12.588
3158.1209 12.557
3160.2023 12.551
3162.2837 12.559
3164.3651 12.548
3166.4465 12.595
3168.5279 12.626
3170.6093 12.650
3172.6907 12.649
3174.7721 12.645
3176.8535 12.643
3178.9349 12.624
3181.0163 12.586
3183.0977 12.560
3185.1791 12.592
3187.2605 12.647
3189.3419 12.670
3191.4233 12.650
3193.5047 12.595
3195.5861 12.547
3197.6675 12.542
3199.7489 12.574
3201.8303 12.587
3203.9117 12.597
3205.9931 12.605
3208.0745 12.584
3210.1559 12.540
3212.2373 12.513
3214.3187 12.511
3216.4001 12.519
3218.4815 12.529
3220.5629 12.543
3222.6443 12.563
3224.7257 12.585
3226.8071 12.603
3228.8885 12.608
3230.9699 12.605
3233.0513 12.586
3235.1327 12.555
3237.2141 12.516
3239.2955 12.484
3241.3769 12.478
3243.4583 12.493
3245.5397 12.528
3247.6211 12.535
3249.7025 12.532
3251.7839 12.526
3253.8653 12.510
3255.9467 12.517
3258.0281 12.531
3260.1095 12.523
3262.1909 12.498
3264.2723 12.488
3266.3537 12.472
3268.4351 12.466
3270.5165 12.472
3272.5979 12.482
3274.6793 12.485
3276.7607 12.484
3278.8421 12.500
3280.9235 12.525
3283.0049 12.543
3285.0863 12.536
3287.1677 12.517
3289.2491 12.524
3291.3305 12.545
3293.4119 12.548
3295.4933 12.550
3297.5747 12.534
3299.6561 12.505
3301.7375 12.473
3303.8189 12.497
3305.9003 12.545
3307.9817 12.552
3310.0631 12.517
3312.1445 12.480
3314.2259 12.466
3316.3073 12.460
3318.3887 12.462
3320.4701 12.483
3322.5515 12.500
3324.6329 12.485
3326.7143 12.456
3328.7957 12.441
3330.8771 12.463
3332.9585 12.493
3335.0399 12.502
3337.1213 12.502
3339.2027 12.516
3341.2841 12.538
3343.3655 12.551
3345.4469 12.548
3347.5283 12.532
3349.6097 12.496
3351.6911 12.457
3353.7725 12.441
3355.8539 12.470
3357.9353 12.495
3360.0167 12.497
3362.0981 12.488
3364.1795 12.501
3366.2609 12.493
3368.3423 12.488
3370.4237 12.505
3372.5051 12.527
3374.5865 12.547
3376.6679 12.558
3378.7493 12.559
3380.8307 12.554
3382.9121 12.563
3384.9935 12.552
3387.0749 12.519
3389.1563 12.501
3391.2377 12.516
3393.3191 12.526
3395.4005 12.533
3397.4819 12.547
3399.5633 12.564
3401.6447 12.561
3403.7261 12.551
3405.8075 12.576
3407.8889 12.616
3409.9703 12.615
3412.0517 12.590
3414.1331 12.567
3416.2145 12.544
3418.2959 12.545
3420.3773 12.559
3422.4587 12.554
3424.5401 12.525
3426.6215 12.536
3428.7029 12.563
3430.7843 12.598
3432.8657 12.612
3434.9471 12.591
3437.0285 12.561
3439.1099 12.553
3441.1913 12.571
3443.2727 12.588
3445.3541 12.591
3447.4355 12.596
3449.5169 12.607
3451.5983 12.612
3453.6797 12.597
3455.7611 12.583
3457.8425 12.579
3459.9239 12.580
3462.0053 12.570
3464.0867 12.566
3466.1681 12.572
3468.2495 12.583
3470.3309 12.589
3472.4123 12.589
3474.4937 12.596
3476.5751 12.605
3478.6565 12.600
3480.7379 12.600
3482.8193 12.621
3484.9007 12.649
3486.9821 12.650
3489.0635 12.627
3491.1449 12.612
3493.2263 12.620
3495.3077 12.627
3497.3891 12.587
3499.4705 12.536
3501.5519 12.521
3503.6333 12.560
3505.7147 12.622
3507.7961 12.658
3509.8775 12.647
3511.9589 12.627
3514.0403 12.619
3516.1217 12.605
3518.2031 12.579
3520.2845 12.565
3522.3659 12.584
3524.4473 12.615
3526.5287 12.626
3528.6101 12.635
3530.6915 12.622
3532.7729 12.612
3534.8543 12.616
3536.9357 12.624
3539.0171 12.630
3541.0985 12.631
3543.1799 12.623
3545.2613 12.617
3547.3427 12.621
3549.4241 12.620
3551.5055 12.605
3553.5869 12.604
3555.6683 12.604
3557.7497 12.612
3559.8311 12.625
3561.9125 12.633
3563.9939 12.631
3566.0753 12.633
3568.1567 12.627
3570.2381 12.619
3572.3195 12.623
3574.4009 12.627
3576.4823 12.629
3578.5637 12.635
3580.6451 12.656
3582.7265 12.671
3584.8079 12.681
3586.8893 12.687
3588.9707 12.687
3591.0521 12.676
3593.1335 12.667
3595.2149 12.660
3597.2963 12.654
3599.3777 12.652
3601.4591 12.655
3603.5405 12.663
3605.6219 12.660
3607.7033 12.650
3609.7847 12.650
3611.8661 12.655
3613.9475 12.665
3616.0289 12.669
3618.1103 12.669
3620.1917 12.656
3622.2731 12.640
3624.3545 12.642
3626.4359 12.661
3628.5173 12.682
3630.5987 12.708
3632.6801 12.739
3634.7615 12.753
3636.8429 12.757
3638.9243 12.748
3641.0057 12.716
3643.0871 12.694
3645.1685 12.687
3647.2499 12.692
3649.3313 12.691
3651.4127 12.678
3653.4941 12.660
3655.5755 12.653
3657.6569 12.662
3659.7383 12.659
3661.8197 12.650
3663.9011 12.659
3665.9825 12.670
3668.0639 12.659
3670.1453 12.652
3672.2267 12.650
3674.3081 12.653
3676.3895 12.663
3678.4709 12.670
3680.5523 12.671
3682.6337 12.672
3684.7151 12.688
3686.7965 12.702
3688.8779 12.696
3690.9593 12.691
3693.0407 12.707
3695.1221 12.718
3697.2035 12.716
3699.2849 12.728
3701.3663 12.758
3703.4477 12.783
3705.5291 12.800
3707.6105 12.803
3709.6919 12.783
3711.7733 12.756
3713.8547 12.735
3715.9361 12.726
3718.0175 12.723
3720.0989 12.713
3722.1803 12.705
3724.2617 12.709
3726.3431 12.709
3728.4245 12.691
3730.5059 12.670
3732.5873 12.666
3734.6687 12.672
3736.7501 12.695
3738.8315 12.715
3740.9129 12.719
3742.9943 12.717
3745.0757 12.725
3747.1571 12.728
3749.2385 12.726
3751.3199 12.723
3753.4013 12.720
3755.4827 12.729
3757.5641 12.734
3759.6455 12.727
3761.7269 12.720
3763.8083 12.718
3765.8897 12.720
3767.9711 12.721
3770.0525 12.724
3772.1339 12.726
3774.2153 12.716
3776.2967 12.706
3778.3781 12.707
3780.4595 12.712
3782.5409 12.716
3784.6223 12.714
3786.7037 12.701
3788.7851 12.687
3790.8665 12.696
3792.9479 12.721
3795.0293 12.747
3797.1107 12.768
3799.1921 12.775
3801.2735 12.770
3803.3549 12.756
3805.4363 12.743
3807.5177 12.736
3809.5991 12.744
3811.6805 12.761
3813.7619 12.788
3815.8433 12.824
3817.9247 12.864
3820.0061 12.890
3822.0875 12.877
3824.1689 12.845
3826.2503 12.830
3828.3317 12.831
3830.4131 12.835
3832.4945 12.832
3834.5759 12.823
3836.6573 12.814
3838.7387 12.804
3840.8201 12.786
3842.9015 12.775
3844.9829 12.776
3847.0643 12.779
3849.1457 12.769
3851.2271 12.755
3853.3085 12.737
3855.3899 12.724
3857.4713 12.722
3859.5527 12.724
3861.6341 12.733
3863.7155 12.739
3865.7969 12.745
3867.8783 12.760
3869.9597 12.785
3872.0411 12.797
3874.1225 12.796
3876.2039 12.795
3878.2853 12.806
3880.3667 12.817
3882.4481 12.835
3884.5295 12.864
3886.6109 12.885
3888.6923 12.896
3890.7737 12.911
3892.8551 12.910
3894.9365 12.879
3897.0179 12.837
3899.0993 12.807
3901.1807 12.793
3903.2621 12.791
3905.3435 12.794
3907.4249 12.776
3909.5063 12.751
3911.5877 12.736
3913.6691 12.729
3915.7505 12.731
3917.8319 12.738
3919.9133 12.748
3921.9947 12.763
3924.0761 12.772
3926.1575 12.770
3928.2389 12.756
3930.3203 12.746
3932.4017 12.748
3934.4831 12.750
3936.5645 12.749
3938.6459 12.747
3940.7273 12.745
3942.8087 12.748
3944.8901 12.758
3946.9715 12.766
3949.0529 12.775
3951.1343 12.793
3953.2157 12.812
3955.2971 12.818
3957.3785 12.832
3959.4599 12.868
3961.5413 12.903
3963.6227 12.936
3965.7041 12.975
3967.7855 13.010
3969.8669 13.020
3971.9483 13.010
3974.0297 12.985
3976.1111 12.940
3978.1925 12.889
3980.2739 12.848
3982.3553 12.815
3984.4367 12.794
3986.5181 12.790
3988.5995 12.793
3990.6809 12.792
3992.7623 12.790
3994.8437 12.793
3996.9251 12.786
3999.0065 12.775
4001.0879 12.773
4003.1693 12.776
4005.2507 12.785
4007.3321 12.803
4009.4135 12.815
4011.4949 12.812
4013.5763 12.814
4015.6577 12.822
4017.7391 12.834
4019.8205 12.860
4021.9019 12.897
4023.9833 12.927
4026.0647 12.965
4028.1461 12.984
4030.2275 12.949
4032.3089 12.890
4034.3903 12.847
4036.4717 12.823
4038.5531 12.805
4040.6345 12.796
4042.7159 12.786
4044.7973 12.768
4046.8787 12.757
4048.9601 12.762
4051.0415 12.767
4053.1229 12.764
4055.2043 12.765
4057.2857 12.770
4059.3671 12.770
4061.4485 12.769
4063.5299 12.773
4065.6113 12.787
4067.6927 12.803
4069.7741 12.810
4071.8555 12.806
4073.9369 12.795
4076.0183 12.794
4078.0997 12.795
4080.1811 12.800
4082.2625 12.812
4084.3439 12.830
4086.4253 12.844
4088.5067 12.861
4090.5881 12.884
4092.6695 12.909
4094.7509 12.947
4096.8323 12.993
4098.9137 13.035
4100.9951 13.065
4103.0765 13.085
4105.1579 13.079
4107.2393 13.040
4109.3207 12.983
4111.4021 12.945
4113.4835 12.917
4115.5649 12.900
4117.6463 12.896
4119.7277 12.899
4121.8091 12.888
4123.8905 12.870
4125.9719 12.862
4128.0533 12.860
4130.1347 12.848
4132.2161 12.841
4134.2975 12.844
4136.3789 12.848
4138.4603 12.858
4140.5417 12.872
4142.6231 12.882
4144.7045 12.883
4146.7859 12.873
4148.8673 12.856
4150.9487 12.843
4153.0301 12.836
4155.1114 12.824
4157.1928 12.812
4159.2742 12.805
4161.3556 12.803
4163.4370 12.800
4165.5184 12.797
4167.5998 12.801
4169.6812 12.808
4171.7626 12.815
4173.8440 12.817
4175.9254 12.813
4178.0068 12.808
4180.0882 12.805
4182.1696 12.806
4184.2510 12.810
4186.3324 12.816
4188.4138 12.824
4190.4952 12.830
4192.5766 12.832
4194.6580 12.829
4196.7394 12.825
4198.8208 12.828
4200.9022 12.840
4202.9836 12.844
4205.0650 12.838
4207.1464 12.830
4209.2278 12.826
4211.3092 12.825
4213.3906 12.829
4215.4720 12.835
4217.5534 12.839
4219.6348 12.833
4221.7162 12.823
4223.7976 12.823
4225.8790 12.824
4227.9604 12.822
4230.0418 12.823
4232.1232 12.830
4234.2046 12.837
4236.2860 12.844
4238.3674 12.854
4240.4488 12.851
4242.5302 12.839
4244.6116 12.826
4246.6930 12.823
4248.7744 12.829
4250.8558 12.842
4252.9372 12.854
4255.0186 12.856
4257.1000 12.854
4259.1814 12.857
4261.2628 12.859
4263.3442 12.853
4265.4256 12.849
4267.5070 12.845
4269.5884 12.839
4271.6698 12.832
4273.7512 12.824
4275.8326 12.817
4277.9140 12.817
4279.9954 12.828
4282.0768 12.841
4284.1582 12.837
4286.2396 12.830
4288.3210 12.838
4290.4024 12.849
4292.4838 12.856
4294.5652 12.861
4296.6466 12.866
4298.7280 12.866
4300.8094 12.863
4302.8908 12.865
4304.9722 12.870
4307.0536 12.872
4309.1350 12.873
4311.2164 12.883
4313.2978 12.900
4315.3792 12.909
4317.4606 12.910
4319.5420 12.914
4321.6234 12.924
4323.7048 12.938
4325.7862 12.949
4327.8676 12.963
4329.9490 12.986
4332.0304 13.024
4334.1118 13.072
4336.1932 13.126
4338.2746 13.166
4340.3560 13.189
4342.4374 13.189
4344.5188 13.167
4346.6002 13.128
4348.6816 13.086
4350.7630 13.042
4352.8444 12.999
4354.9258 12.969
4357.0072 12.953
4359.0886 12.945
4361.1700 12.936
4363.2514 12.936
4365.3328 12.938
4367.4142 12.937
4369.4956 12.931
4371.5770 12.931
4373.6584 12.934
4375.7398 12.932
4377.8212 12.933
4379.9026 12.945
4381.9840 12.967
4384.0654 12.996
4386.1468 13.029
4388.2282 13.046
4390.3096 13.034
4392.3910 13.005
4394.4724 12.975
4396.5538 12.943
4398.6352 12.921
4400.7166 12.916
4402.7980 12.916
4404.8794 12.911
4406.9608 12.904
4409.0422 12.897
4411.1236 12.892
4413.2050 12.893
4415.2864 12.900
4417.3678 12.908
4419.4492 12.910
4421.5306 12.905
4423.6120 12.901
4425.6934 12.904
4427.7748 12.913
4429.8562 12.922
4431.9376 12.922
4434.0190 12.922
4436.1004 12.921
4438.1818 12.921
4440.2632 12.921
4442.3446 12.927
4444.4260 12.932
4446.5074 12.931
4448.5888 12.928
4450.6702 12.922
4452.7516 12.915
4454.8330 12.919
4456.9144 12.939
4458.9958 12.963
4461.0772 12.985
4463.1586 13.005
4465.2400 13.039
4467.3214 13.083
4469.4028 13.129
4471.4842 13.154
4473.5656 13.141
4475.6470 13.102
4477.7284 13.065
4479.8098 13.038
4481.8912 13.013
4483.9726 12.987
4486.0540 12.966
4488.1354 12.947
4490.2168 12.935
4492.2982 12.936
4494.3796 12.940
4496.4610 12.946
4498.5424 12.952
4500.6238 12.954
4502.7052 12.947
4504.7866 12.942
4506.8680 12.944
4508.9494 12.952
4511.0308 12.954
4513.1122 12.963
4515.1936 12.974
4517.2750 12.972
4519.3564 12.965
4521.4378 12.960
4523.5192 12.958
4525.6006 12.961
4527.6820 12.967
4529.7634 12.971
4531.8448 12.973
4533.9262 12.975
4536.0076 12.982
4538.0890 12.988
4540.1704 12.991
4542.2518 12.991
4544.3332 12.992
4546.4146 12.989
4548.4960 12.981
4550.5774 12.974
4552.6588 12.970
4554.7402 12.972
4556.8216 12.975
4558.9030 12.976
4560.9844 12.975
4563.0658 12.976
4565.1472 12.977
4567.2286 12.974
4569.3100 12.969
4571.3914 12.965
4573.4728 12.962
4575.5542 12.962
4577.6356 12.963
4579.7170 12.965
4581.7984 12.966
4583.8798 12.967
4585.9612 12.969
4588.0426 12.970
4590.1240 12.971
4592.2054 12.973
4594.2868 12.975
4596.3682 12.973
4598.4496 12.972
4600.5310 12.975
4602.6124 12.985
4604.6938 12.995
4606.7752 12.995
4608.8566 12.986
4610.9380 12.976
4613.0194 12.975
4615.1008 12.984
4617.1822 12.993
4619.2636 12.998
4621.3450 12.999
4623.4264 12.992
4625.5078 12.991
4627.5892 12.999
4629.6706 13.005
4631.7520 13.003
4633.8334 13.000
4635.9148 13.006
4637.9962 13.008
4640.0776 13.003
4642.1590 13.001
4644.2404 13.007
4646.3218 13.016
4648.4032 13.028
4650.4846 13.036
4652.5660 13.034
4654.6474 13.021
4656.7288 13.007
4658.8102 12.998
4660.8916 13.001
4662.9730 13.008
4665.0544 13.011
4667.1358 13.013
4669.2172 13.012
4671.2986 13.009
4673.3800 13.016
4675.4614 13.030
4677.5428 13.042
4679.6242 13.056
4681.7056 13.075
4683.7870 13.100
4685.8684 13.119
4687.9498 13.117
4690.0312 13.096
4692.1126 13.072
4694.1940 13.048
4696.2754 13.033
4698.3568 13.032
4700.4382 13.033
4702.5196 13.028
4704.6010 13.020
4706.6824 13.025
4708.7638 13.039
4710.8452 13.057
4712.9266 13.072
4715.0080 13.074
4717.0894 13.057
4719.1708 13.038
4721.2522 13.033
4723.3336 13.035
4725.4150 13.032
4727.4964 13.032
4729.5778 13.031
4731.6592 13.024
4733.7406 13.020
4735.8220 13.022
4737.9034 13.024
4739.9848 13.030
4742.0662 13.042
4744.1476 13.045
4746.2290 13.039
4748.3104 13.037
4750.3918 13.040
4752.4732 13.044
4754.5546 13.051
4756.6360 13.057
4758.7174 13.059
4760.7988 13.052
4762.8802 13.048
4764.9616 13.051
4767.0430 13.055
4769.1244 13.064
4771.2058 13.067
4773.2872 13.061
4775.3686 13.054
4777.4500 13.062
4779.5314 13.071
4781.6128 13.072
4783.6942 13.063
4785.7756 13.055
4787.8570 13.060
4789.9384 13.072
4792.0198 13.080
4794.1012 13.079
4796.1826 13.076
4798.2640 13.072
4800.3454 13.070
4802.4268 13.068
4804.5082 13.066
4806.5896 13.067
4808.6710 13.071
4810.7524 13.074
4812.8338 13.080
4814.9152 13.079
4816.9966 13.075
4819.0780 13.079
4821.1594 13.092
4823.2408 13.096
4825.3222 13.089
4827.4036 13.090
4829.4850 13.102
4831.5664 13.108
4833.6478 13.101
4835.7292 13.098
4837.8106 13.104
4839.8920 13.114
4841.9734 13.127
4844.0548 13.137
4846.1362 13.140
4848.2176 13.153
4850.2990 13.173
4852.3804 13.201
4854.4618 13.241
4856.5432 13.294
4858.6246 13.348
4860.7060 13.390
4862.7874 13.409
4864.8688 13.399
4866.9502 13.355
4869.0316 13.307
4871.1130 13.270
4873.1944 13.232
4875.2758 13.201
4877.3572 13.180
4879.4386 13.164
4881.5200 13.149
4883.6014 13.138
4885.6828 13.131
4887.7642 13.124
4889.8456 13.120
4891.9270 13.119
4894.0084 13.122
4896.0898 13.122
4898.1712 13.118
4900.2526 13.112
4902.3340 13.105
4904.4154 13.106
4906.4968 13.115
4908.5782 13.117
4910.6596 13.117
4912.7410 13.128
4914.8224 13.144
4916.9038 13.169
4918.9852 13.212
4921.0666 13.256
4923.1480 13.278
4925.2294 13.264
4927.3108 13.227
4929.3922 13.182
4931.4736 13.147
4933.5550 13.132
4935.6364 13.127
4937.7178 13.122
4939.7992 13.116
4941.8806 13.112
4943.9620 13.104
4946.0434 13.099
4948.1248 13.100
4950.2062 13.103
4952.2876 13.109
4954.3690 13.114
4956.4504 13.116
4958.5318 13.116
4960.6132 13.114
4962.6946 13.114
4964.7760 13.117
4966.8574 13.118
4968.9388 13.118
4971.0202 13.122
4973.1016 13.125
4975.1830 13.126
4977.2644 13.129
4979.3458 13.126
4981.4272 13.122
4983.5086 13.124
4985.5900 13.127
4987.6714 13.132
4989.7528 13.139
4991.8342 13.145
4993.9156 13.147
4995.9970 13.151
4998.0784 13.155
5000.1598 13.158
5002.2412 13.164
5004.3226 13.170
5006.4040 13.173
5008.4854 13.173
5010.5668 13.178
5012.6482 13.189
5014.7296 13.200
5016.8110 13.203
5018.8924 13.201
5020.9738 13.192
5023.0552 13.183
5025.1366 13.178
5027.2180 13.170
5029.2994 13.167
5031.3808 13.172
5033.4622 13.176
5035.5436 13.171
5037.6250 13.165
5039.7064 13.163
5041.7878 13.168
5043.8692 13.181
5045.9506 13.194
5048.0320 13.198
5050.1134 13.193
5052.1948 13.187
5054.2762 13.183
5056.3576 13.181
5058.4390 13.180
5060.5204 13.173
5062.6018 13.159
5064.6832 13.154
5066.7646 13.159
5068.8460 13.168
5070.9274 13.175
5073.0088 13.181
5075.0902 13.175
5077.1716 13.170
5079.2530 13.175
5081.3344 13.178
5083.4158 13.175
5085.4972 13.172
5087.5786 13.178
5089.6600 13.185
5091.7414 13.183
5093.8228 13.178
5095.9042 13.180
5097.9856 13.183
5100.0670 13.191
5102.1484 13.198
5104.2298 13.200
5106.3112 13.204
5108.3926 13.205
5110.4740 13.199
5112.5554 13.196
5114.6368 13.200
5116.7182 13.203
5118.7996 13.203
5120.8810 13.205
5122.9624 13.205
5125.0438 13.205
5127.1252 13.207
5129.2066 13.211
5131.2880 13.217
5133.3694 13.220
5135.4508 13.219
5137.5322 13.217
5139.6136 13.215
5141.6950 13.219
5143.7764 13.219
5145.8578 13.215
5147.9392 13.215
5150.0206 13.228
5152.1020 13.233
5154.1834 13.228
5156.2648 13.227
5158.3462 13.227
5160.4276 13.220
5162.5090 13.217
5164.5904 13.220
5166.6718 13.219
5168.7532 13.226
5170.8346 13.235
5172.9160 13.236
5174.9974 13.234
5177.0788 13.232
5179.1602 13.228
5181.2416 13.222
5183.3230 13.215
5185.4044 13.215
5187.4858 13.211
5189.5672 13.211
5191.6486 13.218
5193.7300 13.221
5195.8114 13.221
5197.8928 13.227
5199.9742 13.232
5202.0556 13.229
5204.1370 13.231
5206.2184 13.234
5208.2998 13.235
5210.3812 13.240
5212.4626 13.250
5214.5440 13.245
5216.6254 13.233
5218.7068 13.225
5220.7882 13.214
5222.8696 13.203
5224.9510 13.202
5227.0324 13.212
5229.1138 13.218
5231.1952 13.222
5233.2766 13.225
5235.3580 13.226
5237.4394 13.226
5239.5208 13.225
5241.6022 13.223
5243.6836 13.217
5245.7650 13.212
5247.8464 13.211
5249.9278 13.212
5252.0092 13.219
5254.0906 13.227
5256.1720 13.228
5258.2534 13.219
5260.3348 13.216
5262.4162 13.225
5264.4976 13.234
5266.5790 13.241
5268.6604 13.248
5270.7418 13.248
5272.8232 13.238
5274.9046 13.232
5276.9860 13.237
5279.0674 13.246
5281.1488 13.249
5283.2302 13.245
5285.3116 13.246
5287.3930 13.246
5289.4744 13.237
5291.5558 13.232
5293.6372 13.234
5295.7186 13.222
5297.8000 13.212
5299.8814 13.217
5301.9628 13.232
5304.0442 13.242
5306.1256 13.248
5308.2070 13.253
5310.2884 13.256
5312.3698 13.249
5314.4512 13.242
5316.5326 13.246
5318.6140 13.250
5320.6954 13.248
5322.7768 13.235
5324.8582 13.227
5326.9396 13.227
5329.0210 13.234
5331.1024 13.236
5333.1838 13.241
5335.2652 13.248
5337.3466 13.249
5339.4280 13.238
5341.5094 13.232
5343.5908 13.238
5345.6722 13.254
5347.7536 13.266
5349.8350 13.264
5351.9164 13.266
5353.9978 13.271
5356.0792 13.263
5358.1606 13.252
5360.2420 13.255
5362.3234 13.259
5364.4048 13.248
5366.4862 13.245
5368.5676 13.244
5370.6490 13.245
5372.7304 13.250
5374.8118 13.260
5376.8932 13.259
5378.9746 13.254
5381.0560 13.260
5383.1374 13.260
5385.2188 13.249
5387.3002 13.241
5389.3816 13.239
5391.4630 13.234
5393.5444 13.241
5395.6258 13.253
5397.7072 13.260
5399.7886 13.259
5401.8700 13.261
5403.9514 13.264
5406.0328 13.275
5408.1142 13.305
5410.1956 13.316
5412.2770 13.315
5414.3584 13.300
5416.4398 13.277
5418.5212 13.269
5420.6026 13.271
5422.6840 13.269
5424.7654 13.264
5426.8468 13.276
5428.9282 13.273
5431.0096 13.266
5433.0910 13.258
5435.1724 13.250
5437.2538 13.255
5439.3352 13.265
5441.4166 13.263
5443.4980 13.250
5445.5794 13.249
5447.6608 13.255
5449.7422 13.262
5451.8236 13.270
5453.9050 13.284
5455.9864 13.289
5458.0678 13.281
5460.1492 13.280
5462.2306 13.280
5464.3120 13.288
5466.3934 13.304
5468.4748 13.312
5470.5562 13.302
5472.6376 13.288
5474.7190 13.276
5476.8004 13.268
5478.8818 13.273
5480.9632 13.285
5483.0446 13.293
5485.1260 13.287
5487.2074 13.273
5489.2888 13.271
5491.3702 13.275
5493.4516 13.272
5495.5330 13.278
5497.6144 13.293
5499.6958 13.302
5501.7772 13.299
5503.8586 13.309
5505.9400 13.330
5508.0214 13.333
5510.1028 13.319
5512.1842 13.308
5514.2656 13.308
5516.3470 13.309
5518.4284 13.299
5520.5098 13.289
5522.5912 13.276
5524.6726 13.285
5526.7540 13.304
5528.8354 13.313
5530.9168 13.313
5532.9982 13.320
5535.0796 13.309
5537.1610 13.285
5539.2424 13.283
5541.3238 13.282
5543.4052 13.280
5545.4866 13.287
5547.5680 13.300
5549.6494 13.308
5551.7308 13.312
5553.8122 13.317
5555.8936 13.314
5557.9750 13.310
5560.0564 13.314
5562.1378 13.317
5564.2192 13.315
5566.3006 13.319
5568.3820 13.318
5570.4634 13.310
5572.5448 13.297
5574.6262 13.274
5576.7076 13.253
5578.7890 13.249
5580.8704 13.254
5582.9518 13.248
5585.0332 13.255
5587.1146 13.272
5589.1960 13.288
5591.2774 13.305
5593.3588 13.305
5595.4402 13.300
5597.5216 13.302
5599.6030 13.309
5601.6844 13.311
5603.7658 13.310
5605.8472 13.309
5607.9286 13.310
5610.0100 13.311
5612.0914 13.310
5614.1728 13.309
5616.2542 13.309
5618.3356 13.311
5620.4170 13.313
5622.4984 13.308
5624.5798 13.306
5626.6612 13.309
5628.7426 13.321
5630.8240 13.332
5632.9054 13.332
5634.9868 13.324
5637.0682 13.325
5639.1496 13.342
5641.2310 13.362
5643.3124 13.362
5645.3938 13.344
5647.4752 13.333
5649.5566 13.328
5651.6380 13.317
5653.7194 13.312
5655.8008 13.307
5657.8822 13.312
5659.9636 13.316
5662.0450 13.316
5664.1264 13.324
5666.2078 13.335
5668.2892 13.340
5670.3706 13.339
5672.4520 13.337
5674.5334 13.329
5676.6148 13.317
5678.6962 13.313
5680.7776 13.314
5682.8590 13.309
5684.9404 13.302
5687.0218 13.302
5689.1032 13.310
5691.1846 13.320
5693.2660 13.331
5695.3474 13.344
5697.4288 13.343
5699.5102 13.338
5701.5916 13.333
5703.6730 13.334
5705.7544 13.329
5707.8358 13.319
5709.9172 13.322
5711.9986 13.327
5714.0800 13.322
5716.1614 13.324
5718.2428 13.340
5720.3242 13.349
5722.4056 13.340
5724.4870 13.319
5726.5684 13.312
5728.6498 13.318
5730.7312 13.328
5732.8126 13.332
5734.8940 13.335
5736.9754 13.345
5739.0568 13.353
5741.1382 13.344
5743.2196 13.341
5745.3010 13.346
5747.3824 13.351
5749.4638 13.341
5751.5452 13.324
5753.6266 13.318
5755.7080 13.322
5757.7894 13.332
5759.8708 13.349
5761.9522 13.361
5764.0336 13.369
5766.1150 13.365
5768.1964 13.361
5770.2778 13.364
5772.3592 13.364
5774.4406 13.355
5776.5220 13.351
5778.6034 13.352
5780.6848 13.353
5782.7662 13.356
5784.8476 13.365
5786.9290 13.365
5789.0104 13.355
5791.0918 13.340
5793.1732 13.334
5795.2546 13.334
5797.3360 13.330
5799.4174 13.336
5801.4988 13.351
5803.5802 13.362
5805.6616 13.356
5807.7430 13.344
5809.8244 13.334
5811.9058 13.337
5813.9872 13.347
5816.0686 13.355
5818.1500 13.360
5820.2314 13.366
5822.3128 13.364
5824.3942 13.357
5826.4756 13.356
5828.5570 13.364
5830.6384 13.372
5832.7198 13.380
5834.8012 13.386
5836.8826 13.375
5838.9640 13.367
5841.0454 13.369
5843.1268 13.376
5845.2082 13.376
5847.2896 13.374
5849.3710 13.368
5851.4524 13.365
5853.5338 13.366
5855.6152 13.365
5857.6966 13.370
5859.7780 13.383
5861.8594 13.392
5863.9408 13.390
5866.0222 13.394
5868.1036 13.419
5870.1850 13.456
5872.2664 13.490
5874.3478 13.510
5876.4292 13.518
5878.5106 13.513
5880.5920 13.494
5882.6734 13.485
5884.7548 13.476
5886.8362 13.457
5888.9176 13.444
5890.9990 13.456
5893.0804 13.471
5895.1618 13.471
5897.2432 13.469
5899.3246 13.470
5901.4060 13.462
5903.4874 13.443
5905.5688 13.418
5907.6502 13.394
5909.7316 13.383
5911.8130 13.372
5913.8944 13.427
5915.9758 13.425
5918.0572 13.419
5920.1386 13.423
5922.2200 13.429
5924.3014 13.422
5926.3828 13.419
5928.4642 13.429
5930.5456 13.443
5932.6270 13.454
5934.7084 13.408
5936.7898 13.397
5938.8712 13.399
5940.9526 13.401
5943.0340 13.400
5945.1154 13.401
5947.1968 13.409
5949.2782 13.427
5951.3596 13.434
5953.4410 13.418
5955.5224 13.405
5957.6038 13.415
5959.6852 13.432
5961.7666 13.442
5963.8480 13.450
5965.9294 13.460
5968.0108 13.455
5970.0922 13.440
5972.1736 13.432
5974.2550 13.434
5976.3364 13.435
5978.4178 13.431
5980.4992 13.430
5982.5806 13.432
5984.6620 13.434
5986.7434 13.432
5988.8248 13.436
5990.9062 13.443
5992.9876 13.445
5995.0690 13.445
5997.1504 13.447
5999.2318 13.442
6001.3132 13.427
6003.3946 13.427
6005.4760 13.435
6007.5574 13.440
6009.6388 13.435
6011.7202 13.427
6013.8016 13.428
6015.8830 13.434
6017.9644 13.438
6020.0458 13.423
6022.1272 13.416
6024.2086 13.427
6026.2900 13.449
6028.3714 13.465
6030.4528 13.467
6032.5342 13.469
6034.6156 13.468
6036.6970 13.458
6038.7784 13.436
6040.8598 13.430
6042.9412 13.432
6045.0226 13.438
6047.1040 13.432
6049.1854 13.429
6051.2668 13.427
6053.3482 13.426
6055.4296 13.443
6057.5110 13.462
6059.5924 13.469
6061.6738 13.461
6063.7552 13.448
6065.8366 13.448
6067.9180 13.456
6069.9994 13.467
6072.0808 13.471
6074.1622 13.463
6076.2436 13.453
6078.3250 13.443
6080.4064 13.438
6082.4878 13.430
6084.5692 13.424
6086.6506 13.421
6088.7320 13.424
6090.8134 13.421
6092.8948 13.420
6094.9762 13.427
6097.0576 13.439
6099.1390 13.437
6101.2204 13.441
6103.3018 13.453
6105.3832 13.467
6107.4646 13.463
6109.5460 13.460
6111.6274 13.472
6113.7088 13.493
6115.7902 13.507
6117.8716 13.509
6119.9530 13.515
6122.0344 13.524
6124.1158 13.534
6126.1972 13.526
6128.2786 13.506
6130.3600 13.483
6132.4414 13.466
6134.5228 13.480
6136.6042 13.488
6138.6856 13.490
6140.7670 13.487
6142.8484 13.485
6144.9298 13.483
6147.0112 13.484
6149.0926 13.490
6151.1740 13.508
6153.2554 13.521
6155.3368 13.522
6157.4182 13.515
6159.4996 13.508
6161.5810 13.515
6163.6624 13.526
6165.7438 13.538
6167.8252 13.546
6169.9066 13.533
6171.9880 13.526
6174.0694 13.518
6176.1508 13.504
6178.2322 13.502
6180.3136 13.512
6182.3950 13.526
6184.4764 13.537
6186.5578 13.543
6188.6392 13.561
6190.7206 13.566
6192.8020 13.555
6194.8834 13.542
6196.9648 13.553
6199.0462 13.561
6201.1276 13.560
6203.2090 13.543
6205.2904 13.517
6207.3718 13.507
6209.4532 13.512
6211.5346 13.527
6213.6160 13.521
6215.6974 13.517
6217.7788 13.523
6219.8602 13.541
6221.9416 13.563
6224.0230 13.573
6226.1044 13.572
6228.1858 13.562
6230.2672 13.561
6232.3486 13.563
6234.4300 13.560
6236.5113 13.554
6238.5927 13.550
6240.6741 13.561
6242.7555 13.579
6244.8369 13.599
6246.9183 13.609
6248.9997 13.584
6251.0811 13.553
6253.1625 13.526
6255.2439 13.514
6257.3253 13.530
6259.4067 13.553
6261.4881 13.574
6263.5695 13.587
6265.6509 13.577
6267.7323 13.560
6269.8137 13.551
6271.8951 13.553
6273.9765 13.565
6276.0579 13.578
6278.1393 13.589
6280.2207 13.596
6282.3021 13.605
6284.3835 13.614
6286.4649 13.607
6288.5463 13.590
6290.6277 13.581
6292.7091 13.585
6294.7905 13.577
6296.8719 13.560
6298.9533 13.541
6301.0347 13.540
6303.1161 13.541
6305.1975 13.542
6307.2789 13.543
6309.3603 13.549
6311.4417 13.551
6313.5231 13.556
6315.6045 13.564
6317.6859 13.570
6319.7673 13.560
6321.8487 13.548
6323.9301 13.541
6326.0115 13.551
6328.0929 13.554
6330.1743 13.555
6332.2557 13.554
6334.3371 13.548
6336.4185 13.536
6338.4999 13.515
6340.5813 13.494
6342.6627 13.482
6344.7441 13.480
6346.8255 13.496
6348.9069 13.517
6350.9883 13.532
6353.0697 13.521
6355.1511 13.520
6357.2325 13.522
6359.3139 13.523
6361.3953 13.522
6363.4767 13.532
6365.5581 13.541
6367.6395 13.550
6369.7209 13.559
6371.8023 13.561
6373.8837 13.562
6375.9651 13.563
6378.0465 13.565
6380.1279 13.556
6382.2093 13.551
6384.2907 13.551
6386.3721 13.557
6388.4535 13.574
6390.5349 13.578
6392.6163 13.567
6394.6977 13.542
6396.7791 13.531
6398.8605 13.539
6400.9419 13.548
6403.0233 13.549
6405.1047 13.544
6407.1861 13.553
6409.2675 13.563
6411.3489 13.567
6413.4303 13.554
6415.5117 13.556
6417.5931 13.570
6419.6745 13.588
6421.7559 13.598
6423.8373 13.579
6425.9187 13.551
6428.0001 13.525
6430.0815 13.510
6432.1629 13.523
6434.2443 13.529
6436.3257 13.524
6438.4071 13.509
6440.4885 13.493
6442.5699 13.487
6444.6513 13.493
6446.7327 13.509
6448.8141 13.524
6450.8955 13.548
6452.9769 13.570
6455.0583 13.578
6457.1397 13.543
6459.2211 13.522
6461.3025 13.515
6463.3839 13.518
6465.4653 13.524
6467.5467 13.539
6469.6281 13.554
6471.7095 13.563
6473.7909 13.560
6475.8723 13.543
6477.9537 13.531
6480.0351 13.521
6482.1165 13.512
6484.1979 13.519
6486.2793 13.534
6488.3607 13.545
6490.4421 13.548
6492.5235 13.540
6494.6049 13.519
6496.6863 13.505
6498.7677 13.507
6500.8491 13.537
6502.9305 13.565
6505.0119 13.573
6507.0933 13.566
6509.1747 13.554
6511.2561 13.549
6513.3375 13.546
6515.4189 13.537
6517.5003 13.519
6519.5817 13.513
6521.6631 13.523
6523.7445 13.537
6525.8259 13.550
6527.9073 13.560
6529.9887 13.565
6532.0701 13.564
6534.1515 13.559
6536.2329 13.561
6538.3143 13.566
6540.3957 13.567
6542.4771 13.567
6544.5585 13.570
6546.6399 13.579
6548.7213 13.588
6550.8027 13.598
6552.8841 13.610
6554.9655 13.645
6557.0469 13.675
6559.1283 13.695
6561.2097 13.702
6563.2911 13.711
6565.3725 13.712
6567.4539 13.700
6569.5353 13.675
6571.6167 13.652
6573.6981 13.634
6575.7795 13.619
6577.8609 13.610
6579.9423 13.619
6582.0237 13.613
6584.1051 13.599
6586.1865 13.581
6588.2679 13.568
6590.3493 13.552
6592.4307 13.538
6594.5121 13.528
6596.5935 13.525
6598.6749 13.527
6600.7563 13.529
6602.8377 13.530
6604.9191 13.527
6607.0005 13.528
6609.0819 13.529
6611.1633 13.527
6613.2447 13.522
6615.3261 13.529
6617.4075 13.540
6619.4889 13.544
6621.5703 13.540
6623.6517 13.538
6625.7331 13.548
6627.8145 13.560
6629.8959 13.570
6631.9773 13.573
6634.0587 13.582
6636.1401 13.592
6638.2215 13.590
6640.3029 13.566
6642.3843 13.548
6644.4657 13.546
6646.5471 13.554
6648.6285 13.570
6650.7099 13.585
6652.7913 13.587
6654.8727 13.581
6656.9541 13.572
6659.0355 13.579
6661.1169 13.571
6663.1983 13.556
6665.2797 13.545
6667.3611 13.557
6669.4425 13.576
6671.5239 13.594
6673.6053 13.615
6675.6867 13.643
6677.7681 13.667
6679.8495 13.673
6681.9309 13.661
6684.0123 13.634
6686.0937 13.630
6688.1751 13.630
6690.2565 13.626
6692.3379 13.615
6694.4193 13.613
6696.5007 13.598
6698.5821 13.572
6700.6635 13.540
6702.7449 13.519
6704.8263 13.521
6706.9077 13.537
6708.9891 13.559
6711.0705 13.569
6713.1519 13.583
6715.2333 13.602
6717.3147 13.618
6719.3961 13.617
6721.4775 13.605
6723.5589 13.589
6725.6403 13.574
6727.7217 13.563
6729.8031 13.551
6731.8845 13.546
6733.9659 13.548
6736.0473 13.557
6738.1287 13.571
6740.2101 13.585
6742.2915 13.603
6744.3729 13.621
6746.4543 13.623
6748.5357 13.617
6750.6171 13.614
6752.6985 13.614
6754.7799 13.617
6756.8613 13.614
6758.9427 13.609
6761.0241 13.604
6763.1055 13.604
6765.1869 13.601
6767.2683 13.590
6769.3497 13.576
6771.4311 13.564
6773.5125 13.567
6775.5939 13.582
6777.6753 13.599
6779.7567 13.608
6781.8381 13.605
6783.9195 13.619
6786.0009 13.639
6788.0823 13.655
6790.1637 13.647
6792.2451 13.624
6794.3265 13.608
6796.4079 13.601
6798.4893 13.594
6800.5707 13.585
6802.6521 13.579
6804.7335 13.579
6806.8149 13.588
6808.8963 13.604
6810.9777 13.610
6813.0591 13.607
6815.1405 13.598
6817.2219 13.598
6819.3033 13.598
6821.3847 13.602
6823.4661 13.610
6825.5475 13.597
6827.6289 13.577
6829.7103 13.567
6831.7917 13.572
6833.8731 13.579
6835.9545 13.581
6838.0359 13.586
6840.1173 13.590
6842.1987 13.586
6844.2801 13.568
6846.3615 13.571
6848.4429 13.591
6850.5243 13.613
6852.6057 13.601
6854.6871 13.587
6856.7685 13.580
6858.8499 13.588
6860.9313 13.601
6863.0127 13.621
6865.0941 13.666
6867.1755 13.744
6869.2569 13.835
6871.3383 13.869
6873.4197 13.864
6875.5011 13.833
6877.5825 13.795
6879.6639 13.743
6881.7453 13.709
6883.8267 13.704
6885.9081 13.737
6887.9895 13.761
6890.0709 13.758
6892.1523 13.737
6894.2337 13.716
6896.3151 13.716
6898.3965 13.715
6900.4779 13.712
6902.5593 13.703
6904.6407 13.696
6906.7221 13.686
6908.8035 13.676
6910.8849 13.664
6912.9663 13.642
6915.0477 13.621
6917.1291 13.608
6919.2105 13.606
6921.2919 13.616
6923.3733 13.626
6925.4547 13.628
6927.5361 13.622
6929.6175 13.615
6931.6989 13.605
6933.7803 13.599
6935.8617 13.595
6937.9431 13.593
6940.0245 13.603
6942.1059 13.622
6944.1873 13.629
6946.2687 13.609
6948.3501 13.575
6950.4315 13.558
6952.5129 13.556
6954.5943 13.565
6956.6757 13.570
6958.7571 13.552
6960.8385 13.531
6962.9199 13.518
6965.0013 13.533
6967.0827 13.559
6969.1641 13.557
6971.2455 13.534
6973.3269 13.521
6975.4083 13.536
6977.4897 13.535
6979.5711 13.529
6981.6525 13.534
6983.7339 13.551
6985.8153 13.563
6987.8967 13.572
6989.9781 13.581
6992.0595 13.588
6994.1409 13.592
6996.2223 13.592
6998.3037 13.584
7000.3851 13.548
7002.4665 13.526
7004.5479 13.518
7006.6293 13.523
7008.7107 13.528
7010.7921 13.539
7012.8735 13.545
7014.9549 13.540
7017.0363 13.523
7019.1177 13.518
7021.1991 13.528
7023.2805 13.544
7025.3619 13.554
7027.4433 13.544
7029.5247 13.524
7031.6061 13.508
7033.6875 13.506
7035.7689 13.505
7037.8503 13.491
7039.9317 13.473
7042.0131 13.458
7044.0945 13.451
7046.1759 13.455
7048.2573 13.467
7050.3387 13.484
7052.4201 13.506
7054.5015 13.532
7056.5829 13.556
7058.6643 13.572
7060.7457 13.572
7062.8271 13.564
7064.9085 13.559
7066.9899 13.559
7069.0713 13.564
7071.1527 13.564
7073.2341 13.560
7075.3155 13.555
7077.3969 13.551
7079.4783 13.538
7081.5597 13.526
7083.6411 13.518
7085.7225 13.518
7087.8039 13.535
7089.8853 13.569
7091.9667 13.596
7094.0481 13.607
7096.1295 13.594
7098.2109 13.593
7100.2923 13.604
7102.3737 13.619
7104.4551 13.625
7106.5365 13.627
7108.6179 13.622
7110.6993 13.613
7112.7807 13.603
7114.8621 13.600
7116.9435 13.592
7119.0249 13.583
7121.1063 13.575
7123.1877 13.576
7125.2691 13.585
7127.3505 13.602
7129.4319 13.625
7131.5133 13.656
7133.5947 13.683
7135.6761 13.696
7137.7575 13.689
7139.8389 13.660
7141.9203 13.633
7144.0017 13.621
7146.0831 13.620
7148.1645 13.623
7150.2459 13.625
7152.3273 13.624
7154.4087 13.621
7156.4901 13.617
7158.5715 13.612
7160.6529 13.611
7162.7343 13.613
7164.8157 13.620
7166.8971 13.630
7168.9785 13.633
7171.0599 13.631
7173.1413 13.632
7175.2227 13.658
7177.3041 13.691
7179.3855 13.710
7181.4669 13.712
7183.5483 13.702
7185.6297 13.698
7187.7111 13.698
7189.7925 13.702
7191.8739 13.708
7193.9553 13.682
7196.0367 13.657
7198.1181 13.643
7200.1995 13.650
7202.2809 13.652
7204.3623 13.662
7206.4437 13.674
7208.5251 13.682
7210.6065 13.658
7212.6879 13.639
7214.7693 13.630
7216.8507 13.633
7218.9321 13.642
7221.0135 13.658
7223.0949 13.668
7225.1763 13.672
7227.2577 13.680
7229.3391 13.687
7231.4205 13.665
7233.5019 13.620
7235.5833 13.570
7237.6647 13.584
7239.7461 13.620
7241.8275 13.650
7243.9089 13.646
7245.9903 13.603
7248.0717 13.568
7250.1531 13.543
7252.2345 13.533
7254.3159 13.545
7256.3973 13.559
7258.4787 13.560
7260.5601 13.547
7262.6415 13.533
7264.7229 13.532
7266.8043 13.530
7268.8857 13.527
7270.9671 13.527
7273.0485 13.553
7275.1299 13.586
7277.2113 13.622
7279.2927 13.659
7281.3741 13.626
7283.4555 13.578
7285.5369 13.545
7287.6183 13.551
7289.6997 13.563
7291.7811 13.579
7293.8625 13.589
7295.9439 13.585
7298.0253 13.551
7300.1067 13.530
7302.1881 13.524
7304.2695 13.531
7306.3509 13.541
7308.4323 13.532
7310.5137 13.523
7312.5951 13.519
7314.6765 13.522
7316.7579 13.522
7318.8393 13.522
7320.9207 13.520
7323.0021 13.515
7325.0835 13.493
7327.1649 13.478
7329.2463 13.470
7331.3277 13.469
7333.4091 13.478
7335.4905 13.502
7337.5719 13.527
7339.6533 13.543
7341.7347 13.527
7343.8161 13.498
7345.8975 13.475
7347.9789 13.467
7350.0603 13.493
7352.1417 13.498
7354.2231 13.491
7356.3045 13.478
7358.3859 13.469
7360.4673 13.443
7362.5487 13.410
7364.6301 13.380
7366.7115 13.371
7368.7929 13.385
7370.8743 13.393
7372.9557 13.394
7375.0371 13.388
7377.1185 13.393
7379.1999 13.410
7381.2813 13.423
7383.3627 13.426
7385.4441 13.440
7387.5255 13.481
7389.6069 13.520
7391.6883 13.538
7393.7697 13.510
7395.8511 13.453
7397.9325 13.409
7400.0139 13.388
7402.0953 13.387
7404.1767 13.402
7406.2581 13.431
7408.3395 13.467
7410.4209 13.503
7412.5023 13.507
7414.5837 13.490
7416.6651 13.462
7418.7465 13.432
7420.8279 13.424
7422.9093 13.430
7424.9907 13.443
7427.0721 13.455
7429.1535 13.453
7431.2349 13.446
7433.3163 13.443
7435.3977 13.445
7437.4791 13.442
7439.5605 13.433
7441.6419 13.423
7443.7233 13.411
7445.8047 13.401
7447.8861 13.402
7449.9675 13.416
7452.0489 13.437
7454.1303 13.457
7456.2117 13.449
7458.2931 13.443
7460.3745 13.442
7462.4559 13.449
7464.5373 13.440
7466.6187 13.432
7468.7001 13.422
7470.7815 13.411
7472.8629 13.413
7474.9443 13.437
7477.0257 13.460
7479.1071 13.473
7481.1885 13.464
7483.2699 13.452
7485.3513 13.452
7487.4327 13.460
7489.5141 13.462
7491.5955 13.439
7493.6769 13.421
7495.7583 13.423
7497.8397 13.458
7499.9211 13.485
7502.0025 13.492
7504.0839 13.485
7506.1653 13.470
7508.2467 13.461
7510.3281 13.458
7512.4095 13.448
7514.4909 13.427
7516.5723 13.416
7518.6537 13.428
7520.7351 13.443
7522.8165 13.452
7524.8979 13.437
7526.9793 13.410
7529.0607 13.388
7531.1421 13.372
7533.2235 13.353
7535.3049 13.359
7537.3863 13.364
7539.4677 13.365
7541.5491 13.358
7543.6305 13.401
7545.7119 13.419
7547.7933 13.412
7549.8747 13.384
7551.9561 13.373
7554.0375 13.395
7556.1189 13.437
7558.2003 13.481
7560.2817 13.463
7562.3631 13.440
7564.4445 13.439
7566.5259 13.460
7568.6073 13.475
7570.6887 13.446
7572.7701 13.444
7574.8515 13.464
7576.9329 13.477
7579.0143 13.443
7581.0957 13.416
7583.1771 13.407
7585.2585 13.426
7587.3399 13.463
7589.4213 13.516
7591.5027 13.597
7593.5841 13.717
7595.6655 13.893
7597.7469 14.133
7599.8283 14.407
7601.9097 14.677
7603.9911 14.805
7606.0725 14.742
7608.1539 14.609
7610.2353 14.442
7612.3167 14.243
7614.3981 14.044
7616.4795 13.898
7618.5609 13.828
7620.6423 13.856
7622.7237 13.947
7624.8051 14.036
7626.8865 14.106
7628.9679 14.146
7631.0493 14.138
7633.1307 14.116
7635.2121 14.081
7637.2935 14.033
7639.3749 13.942
7641.4563 13.866
7643.5377 13.823
7645.6191 13.812
7647.7005 13.790
7649.7819 13.760
7651.8633 13.747
7653.9447 13.748
7656.0261 13.740
7658.1075 13.694
7660.1889 13.665
7662.2703 13.652
7664.3517 13.636
7666.4331 13.606
7668.5145 13.597
7670.5959 13.597
7672.6773 13.590
7674.7587 13.578
7676.8401 13.577
7678.9215 13.588
7681.0029 13.608
7683.0843 13.594
7685.1657 13.536
7687.2471 13.487
7689.3285 13.470
7691.4099 13.496
7693.4913 13.510
7695.5727 13.508
7697.6541 13.506
7699.7355 13.547
7701.8169 13.597
7703.8983 13.616
7705.9797 13.612
7708.0611 13.607
7710.1425 13.597
7712.2239 13.550
7714.3053 13.487
7716.3867 13.430
7718.4681 13.408
7720.5495 13.392
7722.6309 13.386
7724.7123 13.394
7726.7937 13.421
7728.8751 13.444
7730.9565 13.444
7733.0379 13.418
7735.1193 13.395
7737.2007 13.406
7739.2821 13.425
7741.3635 13.448
7743.4449 13.475
7745.5263 13.475
7747.6077 13.443
7749.6891 13.408
7751.7705 13.418
7753.8519 13.470
7755.9333 13.487
7758.0147 13.469
7760.0961 13.420
7762.1775 13.405
7764.2589 13.419
7766.3403 13.450
7768.4217 13.487
7770.5031 13.482
7772.5845 13.455
7774.6659 13.430
7776.7473 13.418
7778.8287 13.426
7780.9101 13.455
7782.9915 13.474
7785.0729 13.468
7787.1543 13.411
7789.2357 13.376
7791.3171 13.393
7793.3985 13.440
7795.4799 13.473
7797.5613 13.451
7799.6427 13.464
7801.7241 13.486
7803.8055 13.488
7805.8869 13.494
7807.9683 13.476
7810.0497 13.446
7812.1311 13.415
7814.2125 13.417
7816.2939 13.386
7818.3753 13.336
7820.4567 13.290
7822.5381 13.316
7824.6195 13.369
7826.7009 13.411
7828.7823 13.438
7830.8637 13.456
7832.9451 13.465
7835.0265 13.470
7837.1079 13.469
7839.1893 13.453
7841.2707 13.443
7843.3521 13.467
7845.4335 13.488
7847.5149 13.474
7849.5963 13.441
7851.6777 13.430
7853.7591 13.433
7855.8405 13.437
7857.9219 13.387
7860.0033 13.359
7862.0847 13.333
7864.1661 13.309
7866.2475 13.307
7868.3289 13.352
7870.4103 13.386
7872.4917 13.407
7874.5731 13.430
7876.6545 13.451
7878.7359 13.477
7880.8173 13.501
7882.8987 13.513
7884.9801 13.485
7887.0615 13.455
7889.1429 13.423
7891.2243 13.389
7893.3057 13.377
7895.3871 13.369
7897.4685 13.344
7899.5499 13.303
7901.6313 13.338
7903.7127 13.420
7905.7941 13.478
7907.8755 13.482
7909.9569 13.411
7912.0383 13.368
7914.1197 13.374
7916.2011 13.421
7918.2825 13.484
7920.3639 13.529
7922.4453 13.550
7924.5267 13.552
7926.6081 13.538
7928.6895 13.530
7930.7709 13.514
7932.8523 13.475
7934.9337 13.403
7937.0151 13.351
7939.0965 13.343
7941.1779 13.362
7943.2593 13.397
7945.3407 13.427
7947.4221 13.488
7949.5035 13.520
7951.5849 13.500
7953.6663 13.421
7955.7477 13.380
7957.8291 13.357
7959.9105 13.355
7961.9919 13.394
7964.0733 13.478
7966.1547 13.504
7968.2361 13.453
7970.3175 13.316
7972.3989 13.309
7974.4803 13.341
7976.5617 13.372
7978.6431 13.369
7980.7245 13.375
7982.8059 13.429
7984.8873 13.456
7986.9687 13.423
7989.0501 13.378
7991.1315 13.379
7993.2129 13.382
7995.2943 13.366
7997.3757 13.314
7999.4571 13.313
8001.5385 13.305
8003.6199 13.282
8005.7013 13.246
8007.7827 13.272
8009.8641 13.322
8011.9455 13.367
8014.0269 13.378
8016.1083 13.370
8018.1897 13.353
8020.2711 13.343
8022.3525 13.353
8024.4339 13.404
8026.5153 13.437
8028.5967 13.457
8030.6781 13.461
8032.7595 13.422
8034.8409 13.395
8036.9223 13.389
8039.0037 13.397
8041.0851 13.387
8043.1665 13.381
8045.2479 13.381
8047.3293 13.367
8049.4107 13.297
8051.4921 13.279
8053.5735 13.300
8055.6549 13.342
8057.7363 13.383
8059.8177 13.376
8061.8991 13.322
8063.9805 13.265
8066.0619 13.241
8068.1433 13.308
8070.2247 13.358
8072.3061 13.379
8074.3875 13.368
8076.4689 13.326
8078.5503 13.309
8080.6317 13.293
8082.7131 13.280
8084.7945 13.294
8086.8759 13.301
8088.9573 13.281
8091.0387 13.250
8093.1201 13.236
8095.2015 13.312
8097.2829 13.406
8099.3643 13.471
8101.4457 13.457
8103.5271 13.400
8105.6085 13.354
8107.6899 13.336
8109.7713 13.357
8111.8527 13.391
8113.9341 13.368
8116.0155 13.322
8118.0969 13.280
8120.1783 13.292
8122.2597 13.368
8124.3411 13.427
8126.4225 13.444
8128.5039 13.400
8130.5853 13.376
8132.6667 13.373
8134.7481 13.394
8136.8295 13.441
8138.9109 13.413
8140.9923 13.391
8143.0737 13.381
8145.1551 13.384
8147.2365 13.415
8149.3179 13.491
8151.3993 13.563
8153.4807 13.597
8155.5621 13.586
8157.6435 13.595
8159.7249 13.596
8161.8063 13.584
8163.8877 13.608
8165.9691 13.611
8168.0505 13.568
8170.1319 13.484
8172.2133 13.397
8174.2947 13.375
8176.3761 13.398
8178.4575 13.460
8180.5389 13.557
8182.6203 13.605
8184.7017 13.594
8186.7831 13.586
8188.8645 13.645
8190.9459 13.653
8193.0273 13.624
8195.1087 13.575
8197.1901 13.520
8199.2715 13.508
8201.3529 13.475
8203.4343 13.436
8205.5157 13.405
8207.5971 13.422
8209.6785 13.439
8211.7599 13.446
8213.8413 13.452
8215.9227 13.484
8218.0041 13.570
8220.0855 13.666
8222.1669 13.748
8224.2483 13.785
8226.3297 13.822
8228.4111 13.830
8230.4925 13.787
8232.5739 13.675
8234.6553 13.561
8236.7367 13.555
8238.8181 13.606
8240.8995 13.676
8242.9809 13.721
8245.0623 13.739
8247.1437 13.719
8249.2251 13.665
8251.3065 13.611
8253.3879 13.549
8255.4693 13.502
8257.5507 13.478
8259.6321 13.478
8261.7135 13.404
8263.7949 13.328
8265.8763 13.299
8267.9577 13.382
8270.0391 13.490
8272.1205 13.481
8274.2019 13.399
8276.2833 13.297
8278.3647 13.256
8280.4461 13.248
8282.5275 13.225
8284.6089 13.156
8286.6903 13.055
8288.7717 13.063
8290.8531 13.099
8292.9345 13.133
8295.0159 13.170
8297.0973 13.346
8299.1787 13.524
8301.2601 13.620
8303.3415 13.500
8305.4229 13.373
8307.5043 13.316
8309.5857 13.308
8311.6671 13.305
8313.7485 13.320
8315.8299 13.445
8317.9112 13.623
8319.9926 13.788
8322.0740 13.746
8324.1554 13.661
8326.2368 13.574
8328.3182 13.509
8330.3996 13.457
8332.4810 13.433
8334.5624 13.409
8336.6438 13.380
8338.7252 13.367
8340.8066 13.431
8342.8880 13.505
8344.9694 13.555
8347.0508 13.542
8349.1322 13.531
8351.2136 13.555
8353.2950 13.579
8355.3764 13.545
8357.4578 13.510
8359.5392 13.432
8361.6206 13.352
8363.7020 13.306
8365.7834 13.261
8367.8648 13.450
8369.9462 13.642
8372.0276 13.695
8374.1090 13.537
8376.1904 13.433
8378.2718 13.378
8380.3532 13.366
8382.4346 13.366
