3112.3301 11.118
3114.4115 11.070
3116.4929 11.011
3118.5743 10.972
3120.6557 10.964
3122.7371 10.942
3124.8185 10.911
3126.8999 10.935
3128.9813 10.959
3131.0627 10.982
3133.1441 10.981
3135.2255 10.986
3137.3069 11.008
3139.3883 11.025
3141.4697 11.000
3143.5511 10.963
3145.6325 10.947
3147.7139 10.963
3149.7953 10.995
3151.8767 11.004
3153.9581 10.988
3156.0395 10.970
3158.1209 10.949
3160.2023 10.926
3162.2837 10.902
3164.3651 10.884
3166.4465 10.875
3168.5279 10.883
3170.6093 10.896
3172.6907 10.909
3174.7721 10.921
3176.8535 10.925
3178.9349 10.920
3181.0163 10.899
3183.0977 10.872
3185.1791 10.852
3187.2605 10.863
3189.3419 10.895
3191.4233 10.921
3193.5047 10.927
3195.5861 10.920
3197.6675 10.931
3199.7489 10.970
3201.8303 10.993
3203.9117 10.959
3205.9931 10.899
3208.0745 10.857
3210.1559 10.850
3212.2373 10.861
3214.3187 10.868
3216.4001 10.866
3218.4815 10.861
3220.5629 10.846
3222.6443 10.832
3224.7257 10.817
3226.8071 10.804
3228.8885 10.805
3230.9699 10.817
3233.0513 10.829
3235.1327 10.834
3237.2141 10.829
3239.2955 10.814
3241.3769 10.809
3243.4583 10.815
3245.5397 10.814
3247.6211 10.806
3249.7025 10.810
3251.7839 10.829
3253.8653 10.850
3255.9467 10.870
3258.0281 10.868
3260.1095 10.845
3262.1909 10.830
3264.2723 10.836
3266.3537 10.853
3268.4351 10.855
3270.5165 10.851
3272.5979 10.863
3274.6793 10.867
3276.7607 10.879
3278.8421 10.890
3280.9235 10.888
3283.0049 10.880
3285.0863 10.872
3287.1677 10.885
3289.2491 10.902
3291.3305 10.893
3293.4119 10.860
3295.4933 10.835
3297.5747 10.826
3299.6561 10.815
3301.7375 10.815
3303.8189 10.841
3305.9003 10.868
3307.9817 10.878
3310.0631 10.888
3312.1445 10.880
3314.2259 10.856
3316.3073 10.841
3318.3887 10.846
3320.4701 10.866
3322.5515 10.862
3324.6329 10.847
3326.7143 10.846
3328.7957 10.856
3330.8771 10.854
3332.9585 10.842
3335.0399 10.844
3337.1213 10.870
3339.2027 10.884
3341.2841 10.867
3343.3655 10.841
3345.4469 10.826
3347.5283 10.821
3349.6097 10.823
3351.6911 10.830
3353.7725 10.854
3355.8539 10.866
3357.9353 10.864
3360.0167 10.853
3362.0981 10.848
3364.1795 10.845
3366.2609 10.848
3368.3423 10.851
3370.4237 10.852
3372.5051 10.877
3374.5865 10.890
3376.6679 10.882
3378.7493 10.870
3380.8307 10.875
3382.9121 10.883
3384.9935 10.879
3387.0749 10.867
3389.1563 10.862
3391.2377 10.859
3393.3191 10.860
3395.4005 10.858
3397.4819 10.866
3399.5633 10.898
3401.6447 10.926
3403.7261 10.924
3405.8075 10.906
3407.8889 10.896
3409.9703 10.889
3412.0517 10.882
3414.1331 10.876
3416.2145 10.882
3418.2959 10.901
3420.3773 10.910
3422.4587 10.897
3424.5401 10.883
3426.6215 10.903
3428.7029 10.906
3430.7843 10.895
3432.8657 10.896
3434.9471 10.902
3437.0285 10.899
3439.1099 10.896
3441.1913 10.897
3443.2727 10.913
3445.3541 10.942
3447.4355 10.946
3449.5169 10.932
3451.5983 10.937
3453.6797 10.941
3455.7611 10.923
3457.8425 10.899
3459.9239 10.896
3462.0053 10.911
3464.0867 10.925
3466.1681 10.938
3468.2495 10.940
3470.3309 10.921
3472.4123 10.912
3474.4937 10.918
3476.5751 10.928
3478.6565 10.932
3480.7379 10.931
3482.8193 10.943
3484.9007 10.965
3486.9821 10.975
3489.0635 10.957
3491.1449 10.944
3493.2263 10.954
3495.3077 10.966
3497.3891 10.967
3499.4705 10.956
3501.5519 10.940
3503.6333 10.921
3505.7147 10.916
3507.7961 10.928
3509.8775 10.939
3511.9589 10.942
3514.0403 10.948
3516.1217 10.945
3518.2031 10.934
3520.2845 10.922
3522.3659 10.919
3524.4473 10.923
3526.5287 10.936
3528.6101 10.947
3530.6915 10.941
3532.7729 10.941
3534.8543 10.946
3536.9357 10.952
3539.0171 10.960
3541.0985 10.965
3543.1799 10.951
3545.2613 10.928
3547.3427 10.929
3549.4241 10.943
3551.5055 10.938
3553.5869 10.936
3555.6683 10.940
3557.7497 10.949
3559.8311 10.968
3561.9125 10.980
3563.9939 10.973
3566.0753 10.966
3568.1567 10.958
3570.2381 10.948
3572.3195 10.936
3574.4009 10.931
3576.4823 10.934
3578.5637 10.938
3580.6451 10.953
3582.7265 10.970
3584.8079 10.989
3586.8893 10.992
3588.9707 10.987
3591.0521 10.985
3593.1335 10.990
3595.2149 11.003
3597.2963 11.001
3599.3777 10.999
3601.4591 10.994
3603.5405 10.996
3605.6219 11.000
3607.7033 11.000
3609.7847 10.997
3611.8661 10.998
3613.9475 11.006
3616.0289 11.015
3618.1103 11.027
3620.1917 11.038
3622.2731 11.045
3624.3545 11.054
3626.4359 11.041
3628.5173 11.015
3630.5987 10.998
3632.6801 11.003
3634.7615 11.006
3636.8429 11.004
3638.9243 11.000
3641.0057 11.002
3643.0871 11.013
3645.1685 11.018
3647.2499 11.027
3649.3313 11.029
3651.4127 11.024
3653.4941 11.010
3655.5755 11.000
3657.6569 10.999
3659.7383 11.001
3661.8197 11.003
3663.9011 11.024
3665.9825 11.046
3668.0639 11.044
3670.1453 11.033
3672.2267 11.033
3674.3081 11.030
3676.3895 11.023
3678.4709 11.022
3680.5523 11.019
3682.6337 11.026
3684.7151 11.033
3686.7965 11.046
3688.8779 11.030
3690.9593 11.017
3693.0407 11.024
3695.1221 11.032
3697.2035 11.029
3699.2849 11.032
3701.3663 11.040
3703.4477 11.048
3705.5291 11.065
3707.6105 11.076
3709.6919 11.067
3711.7733 11.056
3713.8547 11.050
3715.9361 11.049
3718.0175 11.049
3720.0989 11.044
3722.1803 11.041
3724.2617 11.045
3726.3431 11.053
3728.4245 11.052
3730.5059 11.043
3732.5873 11.038
3734.6687 11.047
3736.7501 11.064
3738.8315 11.069
3740.9129 11.060
3742.9943 11.053
3745.0757 11.057
3747.1571 11.068
3749.2385 11.081
3751.3199 11.079
3753.4013 11.064
3755.4827 11.064
3757.5641 11.071
3759.6455 11.072
3761.7269 11.068
3763.8083 11.072
3765.8897 11.080
3767.9711 11.088
3770.0525 11.102
3772.1339 11.112
3774.2153 11.109
3776.2967 11.099
3778.3781 11.090
3780.4595 11.090
3782.5409 11.089
3784.6223 11.078
3786.7037 11.064
3788.7851 11.059
3790.8665 11.071
3792.9479 11.088
3795.0293 11.104
3797.1107 11.118
3799.1921 11.119
3801.2735 11.122
3803.3549 11.123
3805.4363 11.112
3807.5177 11.103
3809.5991 11.111
3811.6805 11.118
3813.7619 11.106
3815.8433 11.088
3817.9247 11.090
3820.0061 11.110
3822.0875 11.121
3824.1689 11.129
3826.2503 11.136
3828.3317 11.139
3830.4131 11.143
3832.4945 11.150
3834.5759 11.150
3836.6573 11.141
3838.7387 11.135
3840.8201 11.133
3842.9015 11.128
3844.9829 11.122
3847.0643 11.118
3849.1457 11.118
3851.2271 11.125
3853.3085 11.125
3855.3899 11.119
3857.4713 11.120
3859.5527 11.118
3861.6341 11.118
3863.7155 11.121
3865.7969 11.127
3867.8783 11.127
3869.9597 11.136
3872.0411 11.148
3874.1225 11.160
3876.2039 11.168
3878.2853 11.173
3880.3667 11.182
3882.4481 11.196
3884.5295 11.213
3886.6109 11.210
3888.6923 11.211
3890.7737 11.227
3892.8551 11.237
3894.9365 11.225
3897.0179 11.202
3899.0993 11.183
3901.1807 11.175
3903.2621 11.171
3905.3435 11.172
3907.4249 11.162
3909.5063 11.150
3911.5877 11.153
3913.6691 11.159
3915.7505 11.160
3917.8319 11.161
3919.9133 11.166
3921.9947 11.172
3924.0761 11.177
3926.1575 11.178
3928.2389 11.165
3930.3203 11.154
3932.4017 11.162
3934.4831 11.174
3936.5645 11.177
3938.6459 11.170
3940.7273 11.158
3942.8087 11.157
3944.8901 11.170
3946.9715 11.185
3949.0529 11.192
3951.1343 11.207
3953.2157 11.221
3955.2971 11.218
3957.3785 11.216
3959.4599 11.227
3961.5413 11.245
3963.6227 11.260
3965.7041 11.282
3967.7855 11.309
3969.8669 11.322
3971.9483 11.317
3974.0297 11.301
3976.1111 11.274
3978.1925 11.245
3980.2739 11.229
3982.3553 11.216
3984.4367 11.208
3986.5181 11.208
3988.5995 11.204
3990.6809 11.197
3992.7623 11.195
3994.8437 11.192
3996.9251 11.179
3999.0065 11.169
4001.0879 11.171
4003.1693 11.179
4005.2507 11.183
4007.3321 11.192
4009.4135 11.196
4011.4949 11.193
4013.5763 11.196
4015.6577 11.203
4017.7391 11.205
4019.8205 11.206
4021.9019 11.202
4023.9833 11.193
4026.0647 11.192
4028.1461 11.198
4030.2275 11.195
4032.3089 11.185
4034.3903 11.185
4036.4717 11.193
4038.5531 11.196
4040.6345 11.196
4042.7159 11.196
4044.7973 11.187
4046.8787 11.177
4048.9601 11.182
4051.0415 11.193
4053.1229 11.199
4055.2043 11.201
4057.2857 11.195
4059.3671 11.187
4061.4485 11.189
4063.5299 11.200
4065.6113 11.212
4067.6927 11.222
4069.7741 11.220
4071.8555 11.210
4073.9369 11.204
4076.0183 11.211
4078.0997 11.218
4080.1811 11.222
4082.2625 11.226
4084.3439 11.243
4086.4253 11.250
4088.5067 11.255
4090.5881 11.267
4092.6695 11.288
4094.7509 11.319
4096.8323 11.356
4098.9137 11.389
4100.9951 11.411
4103.0765 11.425
4105.1579 11.417
4107.2393 11.388
4109.3207 11.351
4111.4021 11.326
4113.4835 11.299
4115.5649 11.276
4117.6463 11.265
4119.7277 11.262
4121.8091 11.252
4123.8905 11.240
4125.9719 11.242
4128.0533 11.254
4130.1347 11.259
4132.2161 11.260
4134.2975 11.254
4136.3789 11.247
4138.4603 11.252
4140.5417 11.267
4142.6231 11.270
4144.7045 11.260
4146.7859 11.254
4148.8673 11.247
4150.9487 11.238
4153.0301 11.241
4155.1114 11.248
4157.1928 11.248
4159.2742 11.245
4161.3556 11.241
4163.4370 11.237
4165.5184 11.240
4167.5998 11.247
4169.6812 11.252
4171.7626 11.252
4173.8440 11.257
4175.9254 11.258
4178.0068 11.251
4180.0882 11.245
4182.1696 11.252
4184.2510 11.258
4186.3324 11.259
4188.4138 11.269
4190.4952 11.278
4192.5766 11.277
4194.6580 11.270
4196.7394 11.266
4198.8208 11.274
4200.9022 11.293
4202.9836 11.306
4205.0650 11.306
4207.1464 11.298
4209.2278 11.292
4211.3092 11.283
4213.3906 11.279
4215.4720 11.289
4217.5534 11.301
4219.6348 11.301
4221.7162 11.292
4223.7976 11.289
4225.8790 11.290
4227.9604 11.292
4230.0418 11.292
4232.1232 11.290
4234.2046 11.287
4236.2860 11.289
4238.3674 11.294
4240.4488 11.296
4242.5302 11.293
4244.6116 11.292
4246.6930 11.293
4248.7744 11.294
4250.8558 11.303
4252.9372 11.313
4255.0186 11.318
4257.1000 11.316
4259.1814 11.310
4261.2628 11.307
4263.3442 11.311
4265.4256 11.316
4267.5070 11.319
4269.5884 11.316
4271.6698 11.309
4273.7512 11.304
4275.8326 11.303
4277.9140 11.304
4279.9954 11.309
4282.0768 11.315
4284.1582 11.315
4286.2396 11.311
4288.3210 11.313
4290.4024 11.316
4292.4838 11.320
4294.5652 11.326
4296.6466 11.328
4298.7280 11.327
4300.8094 11.331
4302.8908 11.337
4304.9722 11.338
4307.0536 11.334
4309.1350 11.333
4311.2164 11.335
4313.2978 11.339
4315.3792 11.343
4317.4606 11.343
4319.5420 11.340
4321.6234 11.347
4323.7048 11.361
4325.7862 11.375
4327.8676 11.385
4329.9490 11.400
4332.0304 11.421
4334.1118 11.451
4336.1932 11.494
4338.2746 11.533
4340.3560 11.556
4342.4374 11.555
4344.5188 11.533
4346.6002 11.496
4348.6816 11.463
4350.7630 11.441
4352.8444 11.420
4354.9258 11.401
4357.0072 11.394
4359.0886 11.391
4361.1700 11.385
4363.2514 11.378
4365.3328 11.372
4367.4142 11.369
4369.4956 11.368
4371.5770 11.366
4373.6584 11.363
4375.7398 11.362
4377.8212 11.361
4379.9026 11.358
4381.9840 11.359
4384.0654 11.361
4386.1468 11.360
4388.2282 11.359
4390.3096 11.357
4392.3910 11.357
4394.4724 11.359
4396.5538 11.359
4398.6352 11.360
4400.7166 11.366
4402.7980 11.368
4404.8794 11.362
4406.9608 11.358
4409.0422 11.356
4411.1236 11.362
4413.2050 11.367
4415.2864 11.368
4417.3678 11.369
4419.4492 11.371
4421.5306 11.365
4423.6120 11.361
4425.6934 11.359
4427.7748 11.360
4429.8562 11.368
4431.9376 11.372
4434.0190 11.378
4436.1004 11.382
4438.1818 11.383
4440.2632 11.378
4442.3446 11.379
4444.4260 11.378
4446.5074 11.383
4448.5888 11.397
4450.6702 11.409
4452.7516 11.406
4454.8330 11.396
4456.9144 11.392
4458.9958 11.396
4461.0772 11.401
4463.1586 11.401
4465.2400 11.398
4467.3214 11.398
4469.4028 11.405
4471.4842 11.410
4473.5656 11.410
4475.6470 11.408
4477.7284 11.411
4479.8098 11.415
4481.8912 11.411
4483.9726 11.401
4486.0540 11.397
4488.1354 11.401
4490.2168 11.406
4492.2982 11.417
4494.3796 11.423
4496.4610 11.424
4498.5424 11.425
4500.6238 11.432
4502.7052 11.429
4504.7866 11.421
4506.8680 11.422
4508.9494 11.425
4511.0308 11.420
4513.1122 11.421
4515.1936 11.431
4517.2750 11.434
4519.3564 11.431
4521.4378 11.434
4523.5192 11.438
4525.6006 11.437
4527.6820 11.442
4529.7634 11.449
4531.8448 11.455
4533.9262 11.458
4536.0076 11.460
4538.0890 11.455
4540.1704 11.452
4542.2518 11.454
4544.3332 11.459
4546.4146 11.463
4548.4960 11.463
4550.5774 11.461
4552.6588 11.454
4554.7402 11.450
4556.8216 11.447
4558.9030 11.449
4560.9844 11.451
4563.0658 11.460
4565.1472 11.466
4567.2286 11.465
4569.3100 11.464
4571.3914 11.464
4573.4728 11.458
4575.5542 11.457
4577.6356 11.457
4579.7170 11.461
4581.7984 11.471
4583.8798 11.480
4585.9612 11.482
4588.0426 11.478
4590.1240 11.475
4592.2054 11.475
4594.2868 11.479
4596.3682 11.474
4598.4496 11.470
4600.5310 11.472
4602.6124 11.473
4604.6938 11.475
4606.7752 11.482
4608.8566 11.481
4610.9380 11.470
4613.0194 11.465
4615.1008 11.469
4617.1822 11.473
4619.2636 11.476
4621.3450 11.480
4623.4264 11.477
4625.5078 11.476
4627.5892 11.480
4629.6706 11.484
4631.7520 11.483
4633.8334 11.485
4635.9148 11.491
4637.9962 11.498
4640.0776 11.497
4642.1590 11.488
4644.2404 11.482
4646.3218 11.481
4648.4032 11.487
4650.4846 11.493
4652.5660 11.494
4654.6474 11.491
4656.7288 11.497
4658.8102 11.502
4660.8916 11.499
4662.9730 11.496
4665.0544 11.498
4667.1358 11.499
4669.2172 11.499
4671.2986 11.504
4673.3800 11.514
4675.4614 11.525
4677.5428 11.537
4679.6242 11.553
4681.7056 11.574
4683.7870 11.608
4685.8684 11.639
4687.9498 11.643
4690.0312 11.612
4692.1126 11.576
4694.1940 11.549
4696.2754 11.529
4698.3568 11.518
4700.4382 11.515
4702.5196 11.510
4704.6010 11.507
4706.6824 11.518
4708.7638 11.533
4710.8452 11.542
4712.9266 11.545
4715.0080 11.542
4717.0894 11.535
4719.1708 11.534
4721.2522 11.535
4723.3336 11.530
4725.4150 11.520
4727.4964 11.520
4729.5778 11.525
4731.6592 11.527
4733.7406 11.530
4735.8220 11.536
4737.9034 11.541
4739.9848 11.547
4742.0662 11.559
4744.1476 11.567
4746.2290 11.567
4748.3104 11.563
4750.3918 11.557
4752.4732 11.549
4754.5546 11.549
4756.6360 11.559
4758.7174 11.565
4760.7988 11.554
4762.8802 11.548
4764.9616 11.557
4767.0430 11.564
4769.1244 11.566
4771.2058 11.566
4773.2872 11.568
4775.3686 11.573
4777.4500 11.574
4779.5314 11.568
4781.6128 11.564
4783.6942 11.561
4785.7756 11.562
4787.8570 11.565
4789.9384 11.564
4792.0198 11.560
4794.1012 11.562
4796.1826 11.569
4798.2640 11.572
4800.3454 11.571
4802.4268 11.572
4804.5082 11.574
4806.5896 11.581
4808.6710 11.581
4810.7524 11.573
4812.8338 11.574
4814.9152 11.576
4816.9966 11.573
4819.0780 11.575
4821.1594 11.588
4823.2408 11.599
4825.3222 11.598
4827.4036 11.593
4829.4850 11.593
4831.5664 11.596
4833.6478 11.601
4835.7292 11.612
4837.8106 11.621
4839.8920 11.621
4841.9734 11.621
4844.0548 11.628
4846.1362 11.635
4848.2176 11.645
4850.2990 11.659
4852.3804 11.680
4854.4618 11.715
4856.5432 11.759
4858.6246 11.799
4860.7060 11.825
4862.7874 11.832
4864.8688 11.817
4866.9502 11.778
4869.0316 11.735
4871.1130 11.703
4873.1944 11.671
4875.2758 11.649
4877.3572 11.644
4879.4386 11.647
4881.5200 11.645
4883.6014 11.638
4885.6828 11.632
4887.7642 11.623
4889.8456 11.617
4891.9270 11.620
4894.0084 11.625
4896.0898 11.619
4898.1712 11.615
4900.2526 11.621
4902.3340 11.626
4904.4154 11.623
4906.4968 11.620
4908.5782 11.617
4910.6596 11.616
4912.7410 11.615
4914.8224 11.615
4916.9038 11.616
4918.9852 11.622
4921.0666 11.629
4923.1480 11.632
4925.2294 11.628
4927.3108 11.624
4929.3922 11.621
4931.4736 11.618
4933.5550 11.622
4935.6364 11.626
4937.7178 11.631
4939.7992 11.637
4941.8806 11.643
4943.9620 11.644
4946.0434 11.645
4948.1248 11.643
4950.2062 11.638
4952.2876 11.638
4954.3690 11.641
4956.4504 11.639
4958.5318 11.632
4960.6132 11.630
4962.6946 11.634
4964.7760 11.635
4966.8574 11.632
4968.9388 11.636
4971.0202 11.639
4973.1016 11.638
4975.1830 11.637
4977.2644 11.640
4979.3458 11.640
4981.4272 11.643
4983.5086 11.647
4985.5900 11.647
4987.6714 11.645
4989.7528 11.645
4991.8342 11.649
4993.9156 11.654
4995.9970 11.657
4998.0784 11.653
5000.1598 11.648
5002.2412 11.649
5004.3226 11.654
5006.4040 11.658
5008.4854 11.665
5010.5668 11.674
5012.6482 11.673
5014.7296 11.664
5016.8110 11.656
5018.8924 11.664
5020.9738 11.676
5023.0552 11.685
5025.1366 11.685
5027.2180 11.675
5029.2994 11.666
5031.3808 11.670
5033.4622 11.681
5035.5436 11.683
5037.6250 11.676
5039.7064 11.675
5041.7878 11.685
5043.8692 11.695
5045.9506 11.695
5048.0320 11.690
5050.1134 11.683
5052.1948 11.681
5054.2762 11.683
5056.3576 11.686
5058.4390 11.689
5060.5204 11.691
5062.6018 11.686
5064.6832 11.684
5066.7646 11.691
5068.8460 11.697
5070.9274 11.691
5073.0088 11.693
5075.0902 11.691
5077.1716 11.686
5079.2530 11.689
5081.3344 11.697
5083.4158 11.702
5085.4972 11.702
5087.5786 11.701
5089.6600 11.704
5091.7414 11.708
5093.8228 11.711
5095.9042 11.712
5097.9856 11.711
5100.0670 11.712
5102.1484 11.712
5104.2298 11.710
5106.3112 11.710
5108.3926 11.716
5110.4740 11.717
5112.5554 11.717
5114.6368 11.725
5116.7182 11.730
5118.7996 11.732
5120.8810 11.735
5122.9624 11.739
5125.0438 11.736
5127.1252 11.728
5129.2066 11.717
5131.2880 11.710
5133.3694 11.705
5135.4508 11.705
5137.5322 11.710
5139.6136 11.717
5141.6950 11.724
5143.7764 11.730
5145.8578 11.735
5147.9392 11.743
5150.0206 11.754
5152.1020 11.754
5154.1834 11.745
5156.2648 11.738
5158.3462 11.737
5160.4276 11.744
5162.5090 11.751
5164.5904 11.747
5166.6718 11.735
5168.7532 11.724
5170.8346 11.721
5172.9160 11.719
5174.9974 11.716
5177.0788 11.721
5179.1602 11.727
5181.2416 11.730
5183.3230 11.737
5185.4044 11.748
5187.4858 11.751
5189.5672 11.750
5191.6486 11.753
5193.7300 11.760
5195.8114 11.766
5197.8928 11.766
5199.9742 11.767
5202.0556 11.768
5204.1370 11.760
5206.2184 11.754
5208.2998 11.757
5210.3812 11.764
5212.4626 11.768
5214.5440 11.764
5216.6254 11.758
5218.7068 11.760
5220.7882 11.756
5222.8696 11.753
5224.9510 11.753
5227.0324 11.756
5229.1138 11.759
5231.1952 11.766
5233.2766 11.768
5235.3580 11.769
5237.4394 11.778
5239.5208 11.781
5241.6022 11.779
5243.6836 11.777
5245.7650 11.784
5247.8464 11.787
5249.9278 11.780
5252.0092 11.780
5254.0906 11.795
5256.1720 11.803
5258.2534 11.799
5260.3348 11.796
5262.4162 11.792
5264.4976 11.780
5266.5790 11.776
5268.6604 11.782
5270.7418 11.785
5272.8232 11.786
5274.9046 11.791
5276.9860 11.789
5279.0674 11.786
5281.1488 11.786
5283.2302 11.788
5285.3116 11.792
5287.3930 11.797
5289.4744 11.790
5291.5558 11.784
5293.6372 11.785
5295.7186 11.781
5297.8000 11.774
5299.8814 11.766
5301.9628 11.761
5304.0442 11.775
5306.1256 11.793
5308.2070 11.797
5310.2884 11.799
5312.3698 11.799
5314.4512 11.795
5316.5326 11.796
5318.6140 11.801
5320.6954 11.799
5322.7768 11.803
5324.8582 11.814
5326.9396 11.816
5329.0210 11.807
5331.1024 11.792
5333.1838 11.787
5335.2652 11.793
5337.3466 11.802
5339.4280 11.806
5341.5094 11.805
5343.5908 11.802
5345.6722 11.807
5347.7536 11.819
5349.8350 11.842
5351.9164 11.844
5353.9978 11.852
5356.0792 11.854
5358.1606 11.851
5360.2420 11.851
5362.3234 11.852
5364.4048 11.849
5366.4862 11.854
5368.5676 11.859
5370.6490 11.861
5372.7304 11.858
5374.8118 11.850
5376.8932 11.848
5378.9746 11.848
5381.0560 11.845
5383.1374 11.843
5385.2188 11.840
5387.3002 11.843
5389.3816 11.845
5391.4630 11.839
5393.5444 11.837
5395.6258 11.844
5397.7072 11.858
5399.7886 11.871
5401.8700 11.880
5403.9514 11.883
5406.0328 11.882
5408.1142 11.885
5410.1956 11.899
5412.2770 11.918
5414.3584 11.923
5416.4398 11.902
5418.5212 11.874
5420.6026 11.854
5422.6840 11.845
5424.7654 11.845
5426.8468 11.859
5428.9282 11.863
5431.0096 11.861
5433.0910 11.857
5435.1724 11.855
5437.2538 11.862
5439.3352 11.871
5441.4166 11.872
5443.4980 11.857
5445.5794 11.843
5447.6608 11.843
5449.7422 11.858
5451.8236 11.874
5453.9050 11.876
5455.9864 11.872
5458.0678 11.874
5460.1492 11.879
5462.2306 11.881
5464.3120 11.879
5466.3934 11.881
5468.4748 11.882
5470.5562 11.879
5472.6376 11.873
5474.7190 11.873
5476.8004 11.872
5478.8818 11.869
5480.9632 11.871
5483.0446 11.878
5485.1260 11.881
5487.2074 11.877
5489.2888 11.868
5491.3702 11.860
5493.4516 11.855
5495.5330 11.851
5497.6144 11.849
5499.6958 11.852
5501.7772 11.856
5503.8586 11.856
5505.9400 11.855
5508.0214 11.861
5510.1028 11.872
5512.1842 11.878
5514.2656 11.877
5516.3470 11.878
5518.4284 11.877
5520.5098 11.877
5522.5912 11.877
5524.6726 11.876
5526.7540 11.881
5528.8354 11.890
5530.9168 11.891
5532.9982 11.899
5535.0796 11.896
5537.1610 11.892
5539.2424 11.887
5541.3238 11.879
5543.4052 11.873
5545.4866 11.880
5547.5680 11.891
5549.6494 11.891
5551.7308 11.887
5553.8122 11.894
5555.8936 11.900
5557.9750 11.898
5560.0564 11.893
5562.1378 11.889
5564.2192 11.889
5566.3006 11.900
5568.3820 11.901
5570.4634 11.893
5572.5448 11.891
5574.6262 11.899
5576.7076 11.903
5578.7890 11.902
5580.8704 11.903
5582.9518 11.898
5585.0332 11.892
5587.1146 11.888
5589.1960 11.886
5591.2774 11.886
5593.3588 11.884
5595.4402 11.884
5597.5216 11.886
5599.6030 11.884
5601.6844 11.893
5603.7658 11.905
5605.8472 11.915
5607.9286 11.917
5610.0100 11.903
5612.0914 11.892
5614.1728 11.891
5616.2542 11.888
5618.3356 11.885
5620.4170 11.886
5622.4984 11.894
5624.5798 11.903
5626.6612 11.908
5628.7426 11.907
5630.8240 11.905
5632.9054 11.907
5634.9868 11.912
5637.0682 11.911
5639.1496 11.916
5641.2310 11.917
5643.3124 11.909
5645.3938 11.907
5647.4752 11.907
5649.5566 11.904
5651.6380 11.903
5653.7194 11.914
5655.8008 11.922
5657.8822 11.923
5659.9636 11.920
5662.0450 11.922
5664.1264 11.928
5666.2078 11.931
5668.2892 11.929
5670.3706 11.925
5672.4520 11.932
5674.5334 11.938
5676.6148 11.935
5678.6962 11.929
5680.7776 11.931
5682.8590 11.936
5684.9404 11.945
5687.0218 11.959
5689.1032 11.970
5691.1846 11.958
5693.2660 11.939
5695.3474 11.929
5697.4288 11.931
5699.5102 11.939
5701.5916 11.949
5703.6730 11.949
5705.7544 11.949
5707.8358 11.958
5709.9172 11.959
5711.9986 11.949
5714.0800 11.941
5716.1614 11.941
5718.2428 11.949
5720.3242 11.955
5722.4056 11.959
5724.4870 11.952
5726.5684 11.943
5728.6498 11.943
5730.7312 11.945
5732.8126 11.940
5734.8940 11.938
5736.9754 11.949
5739.0568 11.960
5741.1382 11.967
5743.2196 11.975
5745.3010 11.976
5747.3824 11.967
5749.4638 11.960
5751.5452 11.959
5753.6266 11.960
5755.7080 11.960
5757.7894 11.961
5759.8708 11.972
5761.9522 11.977
5764.0336 11.978
5766.1150 11.979
5768.1964 11.977
5770.2778 11.973
5772.3592 11.968
5774.4406 11.970
5776.5220 11.976
5778.6034 11.982
5780.6848 11.986
5782.7662 11.979
5784.8476 11.973
5786.9290 11.973
5789.0104 11.978
5791.0918 11.986
5793.1732 11.991
5795.2546 11.995
5797.3360 11.993
5799.4174 11.989
5801.4988 11.982
5803.5802 11.983
5805.6616 11.994
5807.7430 12.007
5809.8244 12.003
5811.9058 11.985
5813.9872 11.970
5816.0686 11.965
5818.1500 11.967
5820.2314 11.973
5822.3128 11.980
5824.3942 11.984
5826.4756 11.986
5828.5570 11.983
5830.6384 11.982
5832.7198 11.982
5834.8012 11.979
5836.8826 11.981
5838.9640 11.984
5841.0454 11.981
5843.1268 11.971
5845.2082 11.971
5847.2896 11.980
5849.3710 11.986
5851.4524 11.990
5853.5338 11.995
5855.6152 11.998
5857.6966 12.000
5859.7780 12.004
5861.8594 12.012
5863.9408 12.016
5866.0222 12.017
5868.1036 12.014
5870.1850 12.012
5872.2664 12.011
5874.3478 12.006
5876.4292 12.005
5878.5106 12.012
5880.5920 12.023
5882.6734 12.026
5884.7548 12.021
5886.8362 12.013
5888.9176 12.011
5890.9990 12.016
5893.0804 12.021
5895.1618 12.021
5897.2432 12.019
5899.3246 12.013
5901.4060 12.006
5903.4874 12.003
5905.5688 12.004
5907.6502 11.986
5909.7316 11.971
5911.8130 11.957
5913.8944 12.020
5915.9758 12.021
5918.0572 12.025
5920.1386 12.031
5922.2200 12.043
5924.3014 12.056
5926.3828 12.055
5928.4642 12.042
5930.5456 12.031
5932.6270 12.031
5934.7084 12.029
5936.7898 12.014
5938.8712 11.991
5940.9526 12.063
5943.0340 12.064
5945.1154 12.064
5947.1968 12.067
5949.2782 12.070
5951.3596 12.062
5953.4410 12.054
5955.5224 12.048
5957.6038 12.046
5959.6852 12.041
5961.7666 12.043
5963.8480 12.050
5965.9294 12.057
5968.0108 12.050
5970.0922 12.040
5972.1736 12.039
5974.2550 12.048
5976.3364 12.055
5978.4178 12.051
5980.4992 12.048
5982.5806 12.050
5984.6620 12.057
5986.7434 12.054
5988.8248 12.054
5990.9062 12.056
5992.9876 12.058
5995.0690 12.051
5997.1504 12.046
5999.2318 12.042
6001.3132 12.038
6003.3946 12.035
6005.4760 12.042
6007.5574 12.058
6009.6388 12.078
6011.7202 12.084
6013.8016 12.071
6015.8830 12.059
6017.9644 12.056
6020.0458 12.067
6022.1272 12.074
6024.2086 12.071
6026.2900 12.061
6028.3714 12.047
6030.4528 12.055
6032.5342 12.069
6034.6156 12.084
6036.6970 12.094
6038.7784 12.096
6040.8598 12.094
6042.9412 12.088
6045.0226 12.079
6047.1040 12.069
6049.1854 12.063
6051.2668 12.062
6053.3482 12.066
6055.4296 12.072
6057.5110 12.074
6059.5924 12.075
6061.6738 12.080
6063.7552 12.093
6065.8366 12.105
6067.9180 12.109
6069.9994 12.106
6072.0808 12.098
6074.1622 12.104
6076.2436 12.112
6078.3250 12.117
6080.4064 12.112
6082.4878 12.101
6084.5692 12.096
6086.6506 12.097
6088.7320 12.103
6090.8134 12.103
6092.8948 12.104
6094.9762 12.109
6097.0576 12.118
6099.1390 12.124
6101.2204 12.128
6103.3018 12.133
6105.3832 12.135
6107.4646 12.126
6109.5460 12.110
6111.6274 12.099
6113.7088 12.096
6115.7902 12.102
6117.8716 12.106
6119.9530 12.111
6122.0344 12.117
6124.1158 12.123
6126.1972 12.135
6128.2786 12.144
6130.3600 12.142
6132.4414 12.130
6134.5228 12.125
6136.6042 12.129
6138.6856 12.133
6140.7670 12.136
6142.8484 12.143
6144.9298 12.153
6147.0112 12.159
6149.0926 12.156
6151.1740 12.145
6153.2554 12.143
6155.3368 12.151
6157.4182 12.164
6159.4996 12.169
6161.5810 12.165
6163.6624 12.155
6165.7438 12.146
6167.8252 12.148
6169.9066 12.158
6171.9880 12.154
6174.0694 12.146
6176.1508 12.139
6178.2322 12.139
6180.3136 12.137
6182.3950 12.135
6184.4764 12.135
6186.5578 12.146
6188.6392 12.160
6190.7206 12.166
6192.8020 12.162
6194.8834 12.161
6196.9648 12.162
6199.0462 12.159
6201.1276 12.154
6203.2090 12.150
6205.2904 12.152
6207.3718 12.161
6209.4532 12.174
6211.5346 12.190
6213.6160 12.198
6215.6974 12.192
6217.7788 12.181
6219.8602 12.172
6221.9416 12.193
6224.0230 12.191
6226.1044 12.177
6228.1858 12.158
6230.2672 12.160
6232.3486 12.169
6234.4300 12.171
6236.5113 12.166
6238.5927 12.161
6240.6741 12.172
6242.7555 12.185
6244.8369 12.194
6246.9183 12.189
6248.9997 12.195
6251.0811 12.199
6253.1625 12.197
6255.2439 12.188
6257.3253 12.188
6259.4067 12.196
6261.4881 12.204
6263.5695 12.207
6265.6509 12.211
6267.7323 12.211
6269.8137 12.207
6271.8951 12.203
6273.9765 12.210
6276.0579 12.211
6278.1393 12.211
6280.2207 12.213
6282.3021 12.218
6284.3835 12.224
6286.4649 12.228
6288.5463 12.229
6290.6277 12.233
6292.7091 12.227
6294.7905 12.213
6296.8719 12.199
6298.9533 12.193
6301.0347 12.202
6303.1161 12.208
6305.1975 12.211
6307.2789 12.211
6309.3603 12.213
6311.4417 12.208
6313.5231 12.206
6315.6045 12.208
6317.6859 12.207
6319.7673 12.201
6321.8487 12.198
6323.9301 12.201
6326.0115 12.205
6328.0929 12.204
6330.1743 12.203
6332.2557 12.204
6334.3371 12.213
6336.4185 12.225
6338.4999 12.233
6340.5813 12.236
6342.6627 12.235
6344.7441 12.227
6346.8255 12.219
6348.9069 12.217
6350.9883 12.222
6353.0697 12.231
6355.1511 12.234
6357.2325 12.230
6359.3139 12.220
6361.3953 12.207
6363.4767 12.201
6365.5581 12.198
6367.6395 12.202
6369.7209 12.215
6371.8023 12.220
6373.8837 12.223
6375.9651 12.226
6378.0465 12.234
6380.1279 12.236
6382.2093 12.238
6384.2907 12.236
6386.3721 12.228
6388.4535 12.216
6390.5349 12.209
6392.6163 12.202
6394.6977 12.193
6396.7791 12.194
6398.8605 12.206
6400.9419 12.222
6403.0233 12.237
6405.1047 12.243
6407.1861 12.236
6409.2675 12.230
6411.3489 12.228
6413.4303 12.234
6415.5117 12.244
6417.5931 12.256
6419.6745 12.268
6421.7559 12.279
6423.8373 12.281
6425.9187 12.279
6428.0001 12.273
6430.0815 12.264
6432.1629 12.250
6434.2443 12.243
6436.3257 12.244
6438.4071 12.250
6440.4885 12.260
6442.5699 12.267
6444.6513 12.269
6446.7327 12.268
6448.8141 12.263
6450.8955 12.265
6452.9769 12.275
6455.0583 12.289
6457.1397 12.296
6459.2211 12.291
6461.3025 12.284
6463.3839 12.279
6465.4653 12.281
6467.5467 12.280
6469.6281 12.278
6471.7095 12.277
6473.7909 12.276
6475.8723 12.272
6477.9537 12.264
6480.0351 12.258
6482.1165 12.258
6484.1979 12.270
6486.2793 12.274
6488.3607 12.269
6490.4421 12.259
6492.5235 12.262
6494.6049 12.268
6496.6863 12.271
6498.7677 12.271
6500.8491 12.274
6502.9305 12.284
6505.0119 12.290
6507.0933 12.296
6509.1747 12.305
6511.2561 12.300
6513.3375 12.297
6515.4189 12.297
6517.5003 12.300
6519.5817 12.294
6521.6631 12.299
6523.7445 12.309
6525.8259 12.318
6527.9073 12.309
6529.9887 12.299
6532.0701 12.290
6534.1515 12.285
6536.2329 12.293
6538.3143 12.310
6540.3957 12.330
6542.4771 12.347
6544.5585 12.354
6546.6399 12.364
6548.7213 12.376
6550.8027 12.390
6552.8841 12.403
6554.9655 12.438
6557.0469 12.473
6559.1283 12.503
6561.2097 12.523
6563.2911 12.517
6565.3725 12.486
6567.4539 12.444
6569.5353 12.400
6571.6167 12.372
6573.6981 12.362
6575.7795 12.353
6577.8609 12.344
6579.9423 12.347
6582.0237 12.347
6584.1051 12.344
6586.1865 12.340
6588.2679 12.338
6590.3493 12.329
6592.4307 12.318
6594.5121 12.307
6596.5935 12.299
6598.6749 12.293
6600.7563 12.289
6602.8377 12.288
6604.9191 12.289
6607.0005 12.284
6609.0819 12.275
6611.1633 12.275
6613.2447 12.286
6615.3261 12.296
6617.4075 12.294
6619.4889 12.287
6621.5703 12.280
6623.6517 12.279
6625.7331 12.294
6627.8145 12.308
6629.8959 12.316
6631.9773 12.315
6634.0587 12.317
6636.1401 12.316
6638.2215 12.316
6640.3029 12.320
6642.3843 12.324
6644.4657 12.319
6646.5471 12.312
6648.6285 12.307
6650.7099 12.309
6652.7913 12.311
6654.8727 12.309
6656.9541 12.302
6659.0355 12.291
6661.1169 12.286
6663.1983 12.285
6665.2797 12.283
6667.3611 12.279
6669.4425 12.275
6671.5239 12.276
6673.6053 12.284
6675.6867 12.302
6677.7681 12.316
6679.8495 12.314
6681.9309 12.300
6684.0123 12.282
6686.0937 12.282
6688.1751 12.287
6690.2565 12.294
6692.3379 12.301
6694.4193 12.309
6696.5007 12.310
6698.5821 12.311
6700.6635 12.314
6702.7449 12.318
6704.8263 12.320
6706.9077 12.322
6708.9891 12.324
6711.0705 12.319
6713.1519 12.318
6715.2333 12.324
6717.3147 12.329
6719.3961 12.320
6721.4775 12.300
6723.5589 12.292
6725.6403 12.297
6727.7217 12.310
6729.8031 12.320
6731.8845 12.331
6733.9659 12.337
6736.0473 12.336
6738.1287 12.333
6740.2101 12.330
6742.2915 12.322
6744.3729 12.308
6746.4543 12.294
6748.5357 12.291
6750.6171 12.296
6752.6985 12.305
6754.7799 12.307
6756.8613 12.308
6758.9427 12.310
6761.0241 12.311
6763.1055 12.314
6765.1869 12.324
6767.2683 12.328
6769.3497 12.326
6771.4311 12.318
6773.5125 12.313
6775.5939 12.310
6777.6753 12.311
6779.7567 12.315
6781.8381 12.324
6783.9195 12.332
6786.0009 12.341
6788.0823 12.350
6790.1637 12.352
6792.2451 12.332
6794.3265 12.309
6796.4079 12.292
6798.4893 12.293
6800.5707 12.307
6802.6521 12.315
6804.7335 12.316
6806.8149 12.308
6808.8963 12.310
6810.9777 12.320
6813.0591 12.331
6815.1405 12.334
6817.2219 12.333
6819.3033 12.332
6821.3847 12.326
6823.4661 12.313
6825.5475 12.296
6827.6289 12.293
6829.7103 12.300
6831.7917 12.312
6833.8731 12.323
6835.9545 12.324
6838.0359 12.323
6840.1173 12.322
6842.1987 12.323
6844.2801 12.324
6846.3615 12.324
6848.4429 12.321
6850.5243 12.313
6852.6057 12.317
6854.6871 12.328
6856.7685 12.345
6858.8499 12.365
6860.9313 12.395
6863.0127 12.445
6865.0941 12.507
6867.1755 12.571
6869.2569 12.594
6871.3383 12.592
6873.4197 12.569
6875.5011 12.529
6877.5825 12.483
6879.6639 12.466
6881.7453 12.459
6883.8267 12.458
6885.9081 12.468
6887.9895 12.472
6890.0709 12.464
6892.1523 12.449
6894.2337 12.433
6896.3151 12.445
6898.3965 12.456
6900.4779 12.459
6902.5593 12.444
6904.6407 12.414
6906.7221 12.392
6908.8035 12.382
6910.8849 12.387
6912.9663 12.403
6915.0477 12.400
6917.1291 12.384
6919.2105 12.363
6921.2919 12.360
6923.3733 12.371
6925.4547 12.374
6927.5361 12.372
6929.6175 12.379
6931.6989 12.393
6933.7803 12.400
6935.8617 12.402
6937.9431 12.401
6940.0245 12.409
6942.1059 12.413
6944.1873 12.414
6946.2687 12.413
6948.3501 12.405
6950.4315 12.400
6952.5129 12.400
6954.5943 12.404
6956.6757 12.412
6958.7571 12.397
6960.8385 12.385
6962.9199 12.380
6965.0013 12.380
6967.0827 12.372
6969.1641 12.365
6971.2455 12.362
6973.3269 12.365
6975.4083 12.370
6977.4897 12.369
6979.5711 12.364
6981.6525 12.358
6983.7339 12.371
6985.8153 12.388
6987.8967 12.404
6989.9781 12.412
6992.0595 12.419
6994.1409 12.418
6996.2223 12.406
6998.3037 12.385
7000.3851 12.369
7002.4665 12.369
7004.5479 12.375
7006.6293 12.382
7008.7107 12.393
7010.7921 12.405
7012.8735 12.405
7014.9549 12.399
7017.0363 12.397
7019.1177 12.398
7021.1991 12.396
7023.2805 12.392
7025.3619 12.384
7027.4433 12.370
7029.5247 12.361
7031.6061 12.362
7033.6875 12.376
7035.7689 12.397
7037.8503 12.399
7039.9317 12.389
7042.0131 12.372
7044.0945 12.366
7046.1759 12.369
7048.2573 12.372
7050.3387 12.378
7052.4201 12.396
7054.5015 12.422
7056.5829 12.436
7058.6643 12.436
7060.7457 12.423
7062.8271 12.410
7064.9085 12.405
7066.9899 12.405
7069.0713 12.408
7071.1527 12.400
7073.2341 12.384
7075.3155 12.367
7077.3969 12.353
7079.4783 12.358
7081.5597 12.396
7083.6411 12.439
7085.7225 12.469
7087.8039 12.460
7089.8853 12.439
7091.9667 12.417
7094.0481 12.399
7096.1295 12.382
7098.2109 12.373
7100.2923 12.369
7102.3737 12.370
7104.4551 12.376
7106.5365 12.389
7108.6179 12.401
7110.6993 12.407
7112.7807 12.399
7114.8621 12.400
7116.9435 12.401
7119.0249 12.401
7121.1063 12.396
7123.1877 12.390
7125.2691 12.388
7127.3505 12.391
7129.4319 12.400
7131.5133 12.418
7133.5947 12.434
7135.6761 12.437
7137.7575 12.425
7139.8389 12.402
7141.9203 12.393
7144.0017 12.396
7146.0831 12.405
7148.1645 12.415
7150.2459 12.409
7152.3273 12.398
7154.4087 12.388
7156.4901 12.384
7158.5715 12.381
7160.6529 12.392
7162.7343 12.415
7164.8157 12.444
7166.8971 12.455
7168.9785 12.460
7171.0599 12.472
7173.1413 12.492
7175.2227 12.509
7177.3041 12.504
7179.3855 12.497
7181.4669 12.496
7183.5483 12.511
7185.6297 12.540
7187.7111 12.560
7189.7925 12.569
7191.8739 12.569
7193.9553 12.560
7196.0367 12.548
7198.1181 12.536
7200.1995 12.533
7202.2809 12.529
7204.3623 12.519
7206.4437 12.507
7208.5251 12.498
7210.6065 12.482
7212.6879 12.465
7214.7693 12.442
7216.8507 12.416
7218.9321 12.398
7221.0135 12.407
7223.0949 12.429
7225.1763 12.461
7227.2577 12.500
7229.3391 12.519
7231.4205 12.516
7233.5019 12.503
7235.5833 12.497
7237.6647 12.489
7239.7461 12.479
7241.8275 12.467
7243.9089 12.456
7245.9903 12.449
7248.0717 12.464
7250.1531 12.486
7252.2345 12.505
7254.3159 12.489
7256.3973 12.484
7258.4787 12.500
7260.5601 12.536
7262.6415 12.561
7264.7229 12.549
7266.8043 12.534
7268.8857 12.524
7270.9671 12.519
7273.0485 12.512
7275.1299 12.509
7277.2113 12.514
7279.2927 12.529
7281.3741 12.502
7283.4555 12.482
7285.5369 12.474
7287.6183 12.481
7289.6997 12.465
7291.7811 12.467
7293.8625 12.476
7295.9439 12.486
7298.0253 12.498
7300.1067 12.520
7302.1881 12.527
7304.2695 12.517
7306.3509 12.522
7308.4323 12.540
7310.5137 12.544
7312.5951 12.529
7314.6765 12.487
7316.7579 12.472
7318.8393 12.472
7320.9207 12.477
7323.0021 12.472
7325.0835 12.477
7327.1649 12.486
7329.2463 12.489
7331.3277 12.478
7333.4091 12.463
7335.4905 12.475
7337.5719 12.486
7339.6533 12.482
7341.7347 12.481
7343.8161 12.490
7345.8975 12.494
7347.9789 12.486
7350.0603 12.475
7352.1417 12.476
7354.2231 12.486
7356.3045 12.500
7358.3859 12.515
7360.4673 12.513
7362.5487 12.501
7364.6301 12.484
7366.7115 12.469
7368.7929 12.478
7370.8743 12.480
7372.9557 12.479
7375.0371 12.478
7377.1185 12.480
7379.1999 12.482
7381.2813 12.482
7383.3627 12.479
7385.4441 12.469
7387.5255 12.455
7389.6069 12.444
7391.6883 12.439
7393.7697 12.447
7395.8511 12.463
7397.9325 12.474
7400.0139 12.480
7402.0953 12.483
7404.1767 12.483
7406.2581 12.479
7408.3395 12.474
7410.4209 12.468
7412.5023 12.471
7414.5837 12.478
7416.6651 12.484
7418.7465 12.486
7420.8279 12.477
7422.9093 12.464
7424.9907 12.461
7427.0721 12.474
7429.1535 12.486
7431.2349 12.483
7433.3163 12.481
7435.3977 12.486
7437.4791 12.499
7439.5605 12.514
7441.6419 12.536
7443.7233 12.558
7445.8047 12.565
7447.8861 12.557
7449.9675 12.558
7452.0489 12.562
7454.1303 12.561
7456.2117 12.550
7458.2931 12.551
7460.3745 12.554
7462.4559 12.554
7464.5373 12.542
7466.6187 12.542
7468.7001 12.550
7470.7815 12.561
7472.8629 12.554
7474.9443 12.538
7477.0257 12.519
7479.1071 12.505
7481.1885 12.518
7483.2699 12.537
7485.3513 12.536
7487.4327 12.522
7489.5141 12.517
7491.5955 12.513
7493.6769 12.503
7495.7583 12.497
7497.8397 12.510
7499.9211 12.529
7502.0025 12.520
7504.0839 12.489
7506.1653 12.443
7508.2467 12.443
7510.3281 12.474
7512.4095 12.510
7514.4909 12.534
7516.5723 12.519
7518.6537 12.500
7520.7351 12.492
7522.8165 12.494
7524.8979 12.489
7526.9793 12.493
7529.0607 12.491
7531.1421 12.480
7533.2235 12.456
7535.3049 12.473
7537.3863 12.508
7539.4677 12.542
7541.5491 12.554
7543.6305 12.555
7545.7119 12.553
7547.7933 12.545
7549.8747 12.536
7551.9561 12.556
7554.0375 12.565
7556.1189 12.565
7558.2003 12.555
7560.2817 12.540
7562.3631 12.523
7564.4445 12.518
7566.5259 12.526
7568.6073 12.537
7570.6887 12.536
7572.7701 12.550
7574.8515 12.576
7576.9329 12.604
7579.0143 12.606
7581.0957 12.612
7583.1771 12.621
7585.2585 12.628
7587.3399 12.647
7589.4213 12.707
7591.5027 12.812
7593.5841 12.962
7595.6655 13.173
7597.7469 13.370
7599.8283 13.531
7601.9097 13.648
7603.9911 13.719
7606.0725 13.725
7608.1539 13.693
7610.2353 13.619
7612.3167 13.463
7614.3981 13.225
7616.4795 13.060
7618.5609 12.994
7620.6423 13.029
7622.7237 13.112
7624.8051 13.182
7626.8865 13.226
7628.9679 13.232
7631.0493 13.196
7633.1307 13.177
7635.2121 13.157
7637.2935 13.119
7639.3749 13.044
7641.4563 13.004
7643.5377 12.981
7645.6191 12.965
7647.7005 12.934
7649.7819 12.889
7651.8633 12.848
7653.9447 12.809
7656.0261 12.757
7658.1075 12.731
7660.1889 12.720
7662.2703 12.718
7664.3517 12.718
7666.4331 12.703
7668.5145 12.684
7670.5959 12.669
7672.6773 12.666
7674.7587 12.640
7676.8401 12.613
7678.9215 12.601
7681.0029 12.610
7683.0843 12.618
7685.1657 12.614
7687.2471 12.610
7689.3285 12.609
7691.4099 12.598
7693.4913 12.596
7695.5727 12.603
7697.6541 12.613
7699.7355 12.611
7701.8169 12.594
7703.8983 12.579
7705.9797 12.567
7708.0611 12.551
7710.1425 12.514
7712.2239 12.489
7714.3053 12.486
7716.3867 12.510
7718.4681 12.509
7720.5495 12.493
7722.6309 12.468
7724.7123 12.441
7726.7937 12.432
7728.8751 12.450
7730.9565 12.471
7733.0379 12.487
7735.1193 12.513
7737.2007 12.532
7739.2821 12.540
7741.3635 12.543
7743.4449 12.553
7745.5263 12.534
7747.6077 12.529
7749.6891 12.540
7751.7705 12.565
7753.8519 12.584
7755.9333 12.602
7758.0147 12.615
7760.0961 12.620
7762.1775 12.639
7764.2589 12.634
7766.3403 12.623
7768.4217 12.621
7770.5031 12.649
7772.5845 12.658
7774.6659 12.632
7776.7473 12.575
7778.8287 12.542
7780.9101 12.566
7782.9915 12.598
7785.0729 12.620
7787.1543 12.625
7789.2357 12.627
7791.3171 12.634
7793.3985 12.635
7795.4799 12.617
7797.5613 12.602
7799.6427 12.611
7801.7241 12.631
7803.8055 12.645
7805.8869 12.640
7807.9683 12.622
7810.0497 12.595
7812.1311 12.562
7814.2125 12.550
7816.2939 12.558
7818.3753 12.543
7820.4567 12.499
7822.5381 12.463
7824.6195 12.475
7826.7009 12.506
7828.7823 12.540
7830.8637 12.557
7832.9451 12.556
7835.0265 12.561
7837.1079 12.572
7839.1893 12.586
7841.2707 12.617
7843.3521 12.639
7845.4335 12.646
7847.5149 12.632
7849.5963 12.636
7851.6777 12.628
7853.7591 12.621
7855.8405 12.624
7857.9219 12.666
7860.0033 12.689
7862.0847 12.687
7864.1661 12.659
7866.2475 12.616
7868.3289 12.605
7870.4103 12.615
7872.4917 12.629
7874.5731 12.614
7876.6545 12.616
7878.7359 12.633
7880.8173 12.645
7882.8987 12.626
7884.9801 12.577
7887.0615 12.568
7889.1429 12.587
7891.2243 12.618
7893.3057 12.628
7895.3871 12.632
7897.4685 12.638
7899.5499 12.649
7901.6313 12.643
7903.7127 12.643
7905.7941 12.660
7907.8755 12.690
7909.9569 12.715
7912.0383 12.702
7914.1197 12.676
7916.2011 12.652
7918.2825 12.655
7920.3639 12.640
7922.4453 12.616
7924.5267 12.597
7926.6081 12.601
7928.6895 12.659
7930.7709 12.688
7932.8523 12.679
7934.9337 12.630
7937.0151 12.638
7939.0965 12.682
7941.1779 12.717
7943.2593 12.722
7945.3407 12.706
7947.4221 12.656
7949.5035 12.630
7951.5849 12.638
7953.6663 12.652
7955.7477 12.602
7957.8291 12.537
7959.9105 12.474
7961.9919 12.432
7964.0733 12.434
7966.1547 12.478
7968.2361 12.550
7970.3175 12.629
7972.3989 12.657
7974.4803 12.639
7976.5617 12.600
7978.6431 12.562
7980.7245 12.569
7982.8059 12.573
7984.8873 12.566
7986.9687 12.548
7989.0501 12.569
7991.1315 12.580
7993.2129 12.577
7995.2943 12.565
7997.3757 12.559
7999.4571 12.535
8001.5385 12.521
8003.6199 12.525
8005.7013 12.553
8007.7827 12.541
8009.8641 12.545
8011.9455 12.565
8014.0269 12.590
8016.1083 12.541
8018.1897 12.544
8020.2711 12.610
8022.3525 12.736
8024.4339 12.769
8026.5153 12.731
8028.5967 12.660
8030.6781 12.586
8032.7595 12.564
8034.8409 12.619
8036.9223 12.675
8039.0037 12.699
8041.0851 12.665
8043.1665 12.625
8045.2479 12.593
8047.3293 12.570
8049.4107 12.548
8051.4921 12.533
8053.5735 12.541
8055.6549 12.575
8057.7363 12.640
8059.8177 12.694
8061.8991 12.698
8063.9805 12.656
8066.0619 12.580
8068.1433 12.576
8070.2247 12.623
8072.3061 12.660
8074.3875 12.661
8076.4689 12.629
8078.5503 12.633
8080.6317 12.644
8082.7131 12.651
8084.7945 12.656
8086.8759 12.656
8088.9573 12.634
8091.0387 12.604
8093.1201 12.604
8095.2015 12.641
8097.2829 12.683
8099.3643 12.716
8101.4457 12.724
8103.5271 12.705
8105.6085 12.699
8107.6899 12.708
8109.7713 12.729
8111.8527 12.735
8113.9341 12.719
8116.0155 12.692
8118.0969 12.667
8120.1783 12.680
8122.2597 12.727
8124.3411 12.782
8126.4225 12.832
8128.5039 12.853
8130.5853 12.841
8132.6667 12.800
8134.7481 12.734
8136.8295 12.653
8138.9109 12.627
8140.9923 12.656
8143.0737 12.712
8145.1551 12.761
8147.2365 12.779
8149.3179 12.794
8151.3993 12.798
8153.4807 12.785
8155.5621 12.770
8157.6435 12.765
8159.7249 12.779
8161.8063 12.817
8163.8877 12.897
8165.9691 12.919
8168.0505 12.901
8170.1319 12.864
8172.2133 12.850
8174.2947 12.867
8176.3761 12.898
8178.4575 12.929
8180.5389 12.933
8182.6203 12.825
8184.7017 12.816
8186.7831 12.846
8188.8645 12.840
8190.9459 12.820
8193.0273 12.800
8195.1087 12.776
8197.1901 12.749
8199.2715 12.761
8201.3529 12.764
8203.4343 12.757
8205.5157 12.744
8207.5971 12.750
8209.6785 12.754
8211.7599 12.737
8213.8413 12.709
8215.9227 12.704
8218.0041 12.737
8220.0855 12.769
8222.1669 12.809
8224.2483 12.883
8226.3297 12.983
8228.4111 13.052
8230.4925 13.062
8232.5739 12.992
8234.6553 12.887
8236.7367 12.837
8238.8181 12.815
8240.8995 12.803
8242.9809 12.799
8245.0623 12.800
8247.1437 12.781
8249.2251 12.738
8251.3065 12.703
8253.3879 12.702
8255.4693 12.706
8257.5507 12.708
8259.6321 12.705
8261.7135 12.738
8263.7949 12.767
8265.8763 12.781
8267.9577 12.772
8270.0391 12.823
8272.1205 12.885
8274.2019 12.940
8276.2833 12.969
8278.3647 13.030
8280.4461 13.095
8282.5275 13.107
8284.6089 13.041
8286.6903 12.973
8288.7717 13.022
8290.8531 13.051
8292.9345 13.017
8295.0159 12.972
8297.0973 12.937
8299.1787 12.854
8301.2601 12.744
8303.3415 12.693
8305.4229 12.668
8307.5043 12.656
8309.5857 12.661
8311.6671 12.689
8313.7485 12.688
8315.8299 12.676
8317.9112 12.678
8319.9926 12.723
8322.0740 12.832
8324.1554 12.805
8326.2368 12.700
8328.3182 12.573
8330.3996 12.570
8332.4810 12.611
8334.5624 12.629
8336.6438 12.616
8338.7252 12.631
8340.8066 12.655
8342.8880 12.624
8344.9694 12.573
8347.0508 12.612
8349.1322 12.697
8351.2136 12.773
8353.2950 12.832
8355.3764 12.868
8357.4578 12.939
8359.5392 12.931
8361.6206 12.867
8363.7020 12.774
8365.7834 12.720
8367.8648 12.699
8369.9462 12.684
8372.0276 12.661
8374.1090 12.656
8376.1904 12.644
8378.2718 12.654
8380.3532 12.697
8382.4346 12.784
