3125.7800  0.000
3127.8623  8.562
3129.9446  8.545
3132.0269  8.552
3134.1092  8.561
3136.1915  8.573
3138.2738  8.584
3140.3561  8.577
3142.4384  8.549
3144.5207  8.527
3146.6030  8.496
3148.6853  8.467
3150.7676  8.450
3152.8499  8.441
3154.9322  8.430
3157.0145  8.423
3159.0968  8.415
3161.1791  8.394
3163.2614  8.371
3165.3437  8.356
3167.4260  8.354
3169.5083  8.358
3171.5906  8.372
3173.6729  8.387
3175.7552  8.394
3177.8375  8.387
3179.9198  8.371
3182.0021  8.359
3184.0844  8.353
3186.1667  8.343
3188.2490  8.320
3190.3313  8.322
3192.4136  8.347
3194.4959  8.372
3196.5782  8.380
3198.6605  8.389
3200.7428  8.387
3202.8251  8.377
3204.9074  8.378
3206.9897  8.375
3209.0720  8.353
3211.1543  8.312
3213.2366  8.273
3215.3189  8.257
3217.4012  8.268
3219.4835  8.289
3221.5658  8.298
3223.6481  8.296
3225.7304  8.289
3227.8127  8.285
3229.8950  8.286
3231.9773  8.294
3234.0596  8.298
3236.1419  8.297
3238.2242  8.288
3240.3065  8.271
3242.3888  8.262
3244.4711  8.270
3246.5534  8.283
3248.6357  8.284
3250.7180  8.279
3252.8003  8.274
3254.8826  8.264
3256.9649  8.251
3259.0472  8.253
3261.1295  8.257
3263.2118  8.253
3265.2941  8.241
3267.3764  8.234
3269.4587  8.242
3271.5410  8.255
3273.6233  8.258
3275.7056  8.256
3277.7879  8.256
3279.8702  8.242
3281.9525  8.220
3284.0348  8.222
3286.1171  8.222
3288.1994  8.213
3290.2817  8.203
3292.3640  8.202
3294.4463  8.203
3296.5286  8.211
3298.6109  8.215
3300.6932  8.203
3302.7755  8.197
3304.8578  8.189
3306.9401  8.177
3309.0224  8.165
3311.1047  8.174
3313.1870  8.176
3315.2693  8.167
3317.3516  8.155
3319.4339  8.152
3321.5162  8.148
3323.5985  8.144
3325.6808  8.140
3327.7631  8.135
3329.8454  8.130
3331.9277  8.130
3334.0100  8.142
3336.0923  8.156
3338.1746  8.157
3340.2569  8.156
3342.3392  8.154
3344.4215  8.152
3346.5038  8.150
3348.5861  8.145
3350.6684  8.137
3352.7507  8.129
3354.8330  8.121
3356.9153  8.119
3358.9976  8.117
3361.0799  8.117
3363.1622  8.127
3365.2445  8.141
3367.3268  8.152
3369.4091  8.157
3371.4914  8.156
3373.5737  8.148
3375.6560  8.142
3377.7383  8.136
3379.8206  8.128
3381.9029  8.126
3383.9852  8.123
3386.0675  8.121
3388.1498  8.120
3390.2321  8.103
3392.3144  8.096
3394.3967  8.115
3396.4790  8.142
3398.5613  8.138
3400.6436  8.133
3402.7259  8.138
3404.8082  8.144
3406.8905  8.136
3408.9728  8.136
3411.0551  8.131
3413.1374  8.116
3415.2197  8.103
3417.3020  8.073
3419.3843  8.049
3421.4666  8.054
3423.5489  8.078
3425.6312  8.100
3427.7135  8.106
3429.7958  8.103
3431.8781  8.102
3433.9604  8.100
3436.0427  8.107
3438.1250  8.122
3440.2073  8.130
3442.2896  8.117
3444.3719  8.114
3446.4542  8.124
3448.5365  8.131
3450.6188  8.129
3452.7011  8.098
3454.7834  8.073
3456.8657  8.070
3458.9480  8.084
3461.0303  8.100
3463.1126  8.118
3465.1949  8.124
3467.2772  8.107
3469.3595  8.090
3471.4418  8.095
3473.5241  8.120
3475.6064  8.147
3477.6887  8.180
3479.7710  8.204
3481.8533  8.207
3483.9356  8.186
3486.0179  8.142
3488.1002  8.120
3490.1825  8.105
3492.2648  8.076
3494.3471  8.042
3496.4294  8.035
3498.5117  8.045
3500.5940  8.053
3502.6763  8.054
3504.7586  8.057
3506.8409  8.068
3508.9232  8.081
3511.0055  8.079
3513.0878  8.060
3515.1701  8.047
3517.2524  8.043
3519.3347  8.030
3521.4170  8.021
3523.4993  8.011
3525.5816  8.008
3527.6639  8.010
3529.7462  8.003
3531.8285  8.008
3533.9108  8.021
3535.9931  8.029
3538.0754  8.025
3540.1577  8.021
3542.2400  8.025
3544.3223  8.034
3546.4046  8.038
3548.4869  8.028
3550.5692  8.024
3552.6515  8.026
3554.7338  8.028
3556.8161  8.025
3558.8984  8.029
3560.9807  8.032
3563.0630  8.020
3565.1453  8.006
3567.2276  7.995
3569.3099  8.002
3571.3922  8.017
3573.4745  8.007
3575.5568  7.992
3577.6391  7.994
3579.7214  8.006
3581.8037  8.016
3583.8860  8.027
3585.9683  8.021
3588.0506  8.010
3590.1329  8.004
3592.2152  7.988
3594.2975  7.970
3596.3798  7.968
3598.4621  7.985
3600.5444  7.988
3602.6267  7.983
3604.7090  7.980
3606.7913  7.992
3608.8736  8.010
3610.9559  8.014
3613.0382  8.014
3615.1205  8.011
3617.2028  8.016
3619.2851  8.015
3621.3674  8.015
3623.4497  8.013
3625.5320  8.018
3627.6143  8.030
3629.6966  8.038
3631.7789  8.033
3633.8612  8.018
3635.9435  8.018
3638.0258  8.008
3640.1081  7.997
3642.1904  7.998
3644.2727  8.013
3646.3550  8.018
3648.4373  8.014
3650.5196  8.009
3652.6019  7.993
3654.6842  7.995
3656.7665  7.999
3658.8488  8.000
3660.9311  8.009
3663.0134  8.007
3665.0957  7.983
3667.1780  7.954
3669.2603  7.953
3671.3426  7.960
3673.4249  7.994
3675.5072  8.019
3677.5895  8.005
3679.6718  7.985
3681.7541  7.975
3683.8364  7.971
3685.9187  7.963
3688.0010  7.967
3690.0833  7.969
3692.1656  7.975
3694.2479  7.985
3696.3302  7.991
3698.4125  7.993
3700.4948  8.000
3702.5771  8.006
3704.6594  8.000
3706.7417  7.994
3708.8240  7.978
3710.9063  7.964
3712.9886  7.972
3715.0709  7.981
3717.1532  7.976
3719.2355  7.968
3721.3178  7.968
3723.4001  7.970
3725.4824  7.966
3727.5647  7.963
3729.6470  7.974
3731.7293  7.985
3733.8116  7.986
3735.8939  7.975
3737.9762  7.966
3740.0585  7.962
3742.1408  7.963
3744.2231  7.970
3746.3054  7.971
3748.3877  7.972
3750.4700  7.974
3752.5523  7.986
3754.6346  7.996
3756.7169  7.985
3758.7992  7.962
3760.8815  7.946
3762.9638  7.957
3765.0461  7.989
3767.1284  8.012
3769.2107  7.991
3771.2930  7.954
3773.3753  7.931
3775.4576  7.923
3777.5399  7.923
3779.6222  7.928
3781.7045  7.927
3783.7868  7.922
3785.8691  7.931
3787.9514  7.938
3790.0337  7.938
3792.1160  7.956
3794.1983  7.992
3796.2806  8.011
3798.3629  7.940
3800.4452  7.869
3802.5275  7.858
3804.6098  7.893
3806.6921  7.927
3808.7744  7.915
3810.8567  7.893
3812.9390  7.884
3815.0213  7.887
3817.1036  7.890
3819.1859  7.877
3821.2682  7.876
3823.3505  7.895
3825.4328  7.915
3827.5151  7.926
3829.5974  7.929
3831.6797  7.929
3833.7620  7.921
3835.8443  7.927
3837.9266  7.933
3840.0089  7.919
3842.0912  7.904
3844.1735  7.889
3846.2558  7.877
3848.3381  7.872
3850.4204  7.880
3852.5027  7.899
3854.5850  7.915
3856.6673  7.922
3858.7496  7.915
3860.8319  7.897
3862.9142  7.890
3864.9965  7.897
3867.0788  7.898
3869.1611  7.882
3871.2434  7.851
3873.3257  7.845
3875.4080  7.872
3877.4903  7.912
3879.5726  7.938
3881.6549  7.954
3883.7372  7.971
3885.8195  7.990
3887.9018  7.997
3889.9841  7.965
3892.0664  7.929
3894.1487  7.885
3896.2310  7.822
3898.3133  7.782
3900.3956  7.805
3902.4779  7.853
3904.5602  7.875
3906.6425  7.868
3908.7248  7.865
3910.8071  7.875
3912.8894  7.889
3914.9717  7.908
3917.0540  7.915
3919.1363  7.926
3921.2186  7.939
3923.3009  7.933
3925.3832  7.917
3927.4655  7.912
3929.5478  7.914
3931.6301  7.921
3933.7124  7.938
3935.7947  7.944
3937.8770  7.928
3939.9593  7.905
3942.0416  7.895
3944.1239  7.892
3946.2062  7.891
3948.2885  7.885
3950.3708  7.870
3952.4531  7.855
3954.5354  7.857
3956.6177  7.874
3958.7000  7.893
3960.7823  7.915
3962.8646  7.933
3964.9469  7.957
3967.0292  7.993
3969.1115  8.019
3971.1938  8.011
3973.2761  7.989
3975.3584  7.955
3977.4407  7.905
3979.5230  7.862
3981.6053  7.842
3983.6876  7.840
3985.7699  7.840
3987.8522  7.847
3989.9345  7.853
3992.0168  7.858
3994.0991  7.859
3996.1814  7.862
3998.2637  7.860
4000.3460  7.854
4002.4283  7.856
4004.5106  7.861
4006.5929  7.854
4008.6752  7.844
4010.7575  7.845
4012.8398  7.847
4014.9221  7.851
4017.0044  7.853
4019.0867  7.862
4021.1690  7.885
4023.2513  7.916
4025.3336  7.935
4027.4159  7.916
4029.4982  7.867
4031.5805  7.824
4033.6628  7.808
4035.7451  7.810
4037.8274  7.816
4039.9097  7.810
4041.9920  7.804
4044.0743  7.807
4046.1566  7.814
4048.2389  7.810
4050.3212  7.810
4052.4035  7.808
4054.4858  7.811
4056.5681  7.822
4058.6504  7.828
4060.7327  7.825
4062.8150  7.816
4064.8973  7.807
4066.9796  7.799
4069.0619  7.806
4071.1442  7.815
4073.2265  7.814
4075.3088  7.809
4077.3911  7.807
4079.4734  7.806
4081.5557  7.804
4083.6380  7.802
4085.7203  7.807
4087.8026  7.822
4089.8849  7.832
4091.9672  7.842
4094.0495  7.881
4096.1318  7.936
4098.2141  7.979
4100.2964  7.984
4102.3787  7.956
4104.4610  7.918
4106.5433  7.884
4108.6256  7.856
4110.7079  7.826
4112.7902  7.805
4114.8725  7.800
4116.9548  7.800
4119.0371  7.800
4121.1194  7.797
4123.2017  7.788
4125.2840  7.772
4127.3663  7.770
4129.4486  7.775
4131.5309  7.774
4133.6132  7.770
4135.6955  7.775
4137.7778  7.778
4139.8601  7.778
4141.9424  7.788
4144.0247  7.797
4146.1070  7.788
4148.1893  7.768
4150.2716  7.761
4152.3539  7.761
4154.4362  7.770
4156.5185  7.786
4158.6008  7.796
4160.6831  7.791
4162.7654  7.790
4164.8477  7.794
4166.9300  7.787
4169.0122  7.777
4171.0945  7.778
4173.1768  7.777
4175.2591  7.771
4177.3414  7.772
4179.4237  7.771
4181.5060  7.773
4183.5883  7.777
4185.6706  7.783
4187.7529  7.789
4189.8352  7.800
4191.9175  7.817
4193.9998  7.837
4196.0821  7.847
4198.1644  7.847
4200.2467  7.841
4202.3290  7.827
4204.4113  7.814
4206.4936  7.805
4208.5759  7.795
4210.6582  7.783
4212.7405  7.780
4214.8228  7.772
4216.9051  7.763
4218.9874  7.765
4221.0697  7.781
4223.1520  7.788
4225.2343  7.776
4227.3166  7.767
4229.3989  7.769
4231.4812  7.772
4233.5635  7.777
4235.6458  7.784
4237.7281  7.781
4239.8104  7.767
4241.8927  7.757
4243.9750  7.767
4246.0573  7.780
4248.1396  7.781
4250.2219  7.771
4252.3042  7.773
4254.3865  7.788
4256.4688  7.800
4258.5511  7.798
4260.6334  7.791
4262.7157  7.786
4264.7980  7.780
4266.8803  7.775
4268.9626  7.776
4271.0449  7.777
4273.1272  7.770
4275.2095  7.761
4277.2918  7.759
4279.3741  7.768
4281.4564  7.775
4283.5387  7.773
4285.6210  7.764
4287.7033  7.763
4289.7856  7.772
4291.8679  7.777
4293.9502  7.772
4296.0325  7.767
4298.1148  7.770
4300.1971  7.770
4302.2794  7.767
4304.3617  7.769
4306.4440  7.775
4308.5263  7.779
4310.6086  7.781
4312.6909  7.781
4314.7732  7.774
4316.8555  7.761
4318.9378  7.756
4321.0201  7.763
4323.1024  7.773
4325.1847  7.782
4327.2670  7.787
4329.3493  7.795
4331.4316  7.819
4333.5139  7.858
4335.5962  7.896
4337.6785  7.919
4339.7608  7.917
4341.8431  7.896
4343.9254  7.868
4346.0077  7.839
4348.0900  7.812
4350.1723  7.788
4352.2546  7.768
4354.3369  7.757
4356.4192  7.749
4358.5015  7.741
4360.5838  7.736
4362.6661  7.736
4364.7484  7.739
4366.8307  7.748
4368.9130  7.758
4370.9953  7.755
4373.0776  7.743
4375.1599  7.740
4377.2422  7.749
4379.3245  7.757
4381.4068  7.759
4383.4891  7.754
4385.5714  7.747
4387.6537  7.743
4389.7360  7.743
4391.8183  7.736
4393.9006  7.728
4395.9829  7.730
4398.0652  7.740
4400.1475  7.747
4402.2298  7.741
4404.3121  7.733
4406.3944  7.732
4408.4767  7.734
4410.5590  7.741
4412.6413  7.745
4414.7236  7.744
4416.8059  7.749
4418.8882  7.764
4420.9705  7.780
4423.0528  7.790
4425.1351  7.797
4427.2174  7.793
4429.2997  7.781
4431.3820  7.771
4433.4643  7.768
4435.5466  7.769
4437.6289  7.770
4439.7112  7.769
4441.7935  7.763
4443.8758  7.753
4445.9581  7.748
4448.0404  7.746
4450.1227  7.740
4452.2050  7.738
4454.2873  7.736
4456.3696  7.729
4458.4519  7.723
4460.5342  7.725
4462.6165  7.729
4464.6988  7.735
4466.7811  7.747
4468.8634  7.752
4470.9457  7.743
4473.0280  7.740
4475.1103  7.750
4477.1926  7.756
4479.2749  7.752
4481.3572  7.742
4483.4395  7.727
4485.5218  7.709
4487.6041  7.702
4489.6864  7.706
4491.7687  7.705
4493.8510  7.697
4495.9333  7.699
4498.0156  7.708
4500.0979  7.712
4502.1802  7.710
4504.2625  7.712
4506.3448  7.711
4508.4271  7.707
4510.5094  7.709
4512.5917  7.716
4514.6740  7.722
4516.7563  7.720
4518.8386  7.710
4520.9209  7.696
4523.0032  7.692
4525.0855  7.695
4527.1678  7.702
4529.2501  7.709
4531.3324  7.715
4533.4147  7.723
4535.4970  7.735
4537.5793  7.751
4539.6616  7.759
4541.7439  7.753
4543.8262  7.738
4545.9085  7.722
4547.9908  7.709
4550.0731  7.703
4552.1554  7.701
4554.2377  7.694
4556.3200  7.681
4558.4023  7.674
4560.4846  7.680
4562.5669  7.683
4564.6492  7.675
4566.7315  7.672
4568.8138  7.674
4570.8961  7.675
4572.9784  7.674
4575.0607  7.677
4577.1430  7.678
4579.2253  7.677
4581.3076  7.678
4583.3899  7.678
4585.4722  7.677
4587.5545  7.680
4589.6368  7.684
4591.7191  7.680
4593.8014  7.680
4595.8837  7.682
4597.9660  7.682
4600.0483  7.680
4602.1306  7.681
4604.2129  7.684
4606.2952  7.685
4608.3775  7.680
4610.4598  7.675
4612.5421  7.672
4614.6244  7.670
4616.7067  7.671
4618.7890  7.667
4620.8713  7.659
4622.9536  7.650
4625.0359  7.641
4627.1182  7.632
4629.2005  7.630
4631.2828  7.624
4633.3651  7.614
4635.4474  7.610
4637.5297  7.615
4639.6120  7.614
4641.6943  7.607
4643.7766  7.604
4645.8589  7.610
4647.9412  7.616
4650.0235  7.625
4652.1058  7.641
4654.1881  7.651
4656.2704  7.644
4658.3527  7.637
4660.4350  7.639
4662.5173  7.640
4664.5996  7.639
4666.6819  7.639
4668.7642  7.635
4670.8465  7.626
4672.9288  7.628
4675.0111  7.641
4677.0934  7.654
4679.1757  7.661
4681.2580  7.669
4683.3403  7.669
4685.4226  7.662
4687.5049  7.654
4689.5872  7.647
4691.6695  7.646
4693.7518  7.644
4695.8341  7.640
4697.9164  7.635
4699.9987  7.632
4702.0810  7.633
4704.1633  7.636
4706.2456  7.634
4708.3279  7.632
4710.4102  7.634
4712.4925  7.640
4714.5748  7.649
4716.6571  7.661
4718.7394  7.663
4720.8217  7.653
4722.9040  7.647
4724.9863  7.651
4727.0686  7.656
4729.1509  7.660
4731.2332  7.661
4733.3155  7.655
4735.3978  7.655
4737.4801  7.659
4739.5624  7.659
4741.6447  7.651
4743.7270  7.648
4745.8093  7.644
4747.8916  7.639
4749.9739  7.640
4752.0562  7.651
4754.1385  7.662
4756.2208  7.667
4758.3031  7.669
4760.3854  7.675
4762.4677  7.677
4764.5500  7.672
4766.6323  7.667
4768.7146  7.661
4770.7969  7.656
4772.8792  7.654
4774.9615  7.657
4777.0438  7.658
4779.1261  7.659
4781.2084  7.657
4783.2907  7.653
4785.3730  7.652
4787.4553  7.654
4789.5376  7.651
4791.6199  7.645
4793.7022  7.647
4795.7845  7.647
4797.8668  7.641
4799.9491  7.637
4802.0314  7.642
4804.1137  7.645
4806.1960  7.646
4808.2783  7.643
4810.3606  7.642
4812.4429  7.638
4814.5252  7.635
4816.6075  7.638
4818.6898  7.642
4820.7721  7.639
4822.8544  7.638
4824.9367  7.643
4827.0190  7.647
4829.1013  7.642
4831.1836  7.636
4833.2659  7.634
4835.3482  7.636
4837.4305  7.637
4839.5128  7.633
4841.5951  7.632
4843.6774  7.639
4845.7597  7.651
4847.8420  7.661
4849.9243  7.684
4852.0066  7.714
4854.0889  7.743
4856.1712  7.774
4858.2535  7.811
4860.3358  7.825
4862.4181  7.799
4864.5004  7.758
4866.5827  7.723
4868.6650  7.693
4870.7473  7.669
4872.8296  7.658
4874.9119  7.648
4876.9942  7.640
4879.0765  7.638
4881.1588  7.642
4883.2411  7.642
4885.3234  7.644
4887.4057  7.645
4889.4880  7.642
4891.5703  7.642
4893.6526  7.647
4895.7349  7.649
4897.8172  7.641
4899.8995  7.625
4901.9818  7.616
4904.0641  7.615
4906.1464  7.618
4908.2287  7.625
4910.3110  7.626
4912.3933  7.622
4914.4756  7.622
4916.5579  7.624
4918.6402  7.626
4920.7225  7.631
4922.8048  7.632
4924.8871  7.625
4926.9694  7.621
4929.0517  7.618
4931.1340  7.618
4933.2163  7.619
4935.2986  7.619
4937.3809  7.612
4939.4632  7.603
4941.5455  7.595
4943.6278  7.597
4945.7101  7.603
4947.7924  7.605
4949.8747  7.605
4951.9570  7.605
4954.0393  7.608
4956.1216  7.612
4958.2039  7.613
4960.2862  7.606
4962.3685  7.603
4964.4508  7.597
4966.5331  7.591
4968.6154  7.586
4970.6977  7.590
4972.7800  7.597
4974.8623  7.600
4976.9446  7.597
4979.0269  7.600
4981.1092  7.609
4983.1915  7.610
4985.2738  7.604
4987.3561  7.596
4989.4384  7.589
4991.5207  7.584
4993.6030  7.587
4995.6853  7.592
4997.7676  7.598
4999.8499  7.598
5001.9322  7.597
5004.0145  7.598
5006.0968  7.606
5008.1791  7.611
5010.2614  7.608
5012.3437  7.603
5014.4260  7.602
5016.5083  7.600
5018.5906  7.593
5020.6729  7.587
5022.7552  7.583
5024.8375  7.578
5026.9198  7.579
5029.0021  7.592
5031.0844  7.604
5033.1667  7.608
5035.2490  7.601
5037.3313  7.594
5039.4136  7.590
5041.4959  7.583
5043.5782  7.578
5045.6605  7.574
5047.7428  7.578
5049.8251  7.585
5051.9074  7.591
5053.9897  7.590
5056.0720  7.589
5058.1543  7.581
5060.2366  7.571
5062.3189  7.568
5064.4012  7.572
5066.4835  7.566
5068.5658  7.560
5070.6481  7.566
5072.7304  7.574
5074.8127  7.572
5076.8950  7.570
5078.9773  7.571
5081.0596  7.568
5083.1419  7.562
5085.2242  7.558
5087.3065  7.560
5089.3888  7.559
5091.4711  7.552
5093.5534  7.549
5095.6357  7.553
5097.7180  7.554
5099.8003  7.550
5101.8826  7.550
5103.9649  7.555
5106.0472  7.566
5108.1295  7.570
5110.2118  7.567
5112.2941  7.566
5114.3764  7.562
5116.4587  7.552
5118.5410  7.547
5120.6233  7.550
5122.7056  7.550
5124.7879  7.547
5126.8702  7.547
5128.9525  7.547
5131.0348  7.543
5133.1171  7.538
5135.1994  7.534
5137.2817  7.534
5139.3640  7.534
5141.4463  7.532
5143.5286  7.531
5145.6109  7.536
5147.6932  7.547
5149.7755  7.553
5151.8578  7.550
5153.9401  7.540
5156.0224  7.531
5158.1047  7.525
5160.1870  7.529
5162.2693  7.540
5164.3516  7.547
5166.4339  7.536
5168.5162  7.522
5170.5985  7.517
5172.6808  7.515
5174.7631  7.515
5176.8454  7.513
5178.9277  7.511
5181.0100  7.509
5183.0923  7.507
5185.1746  7.507
5187.2569  7.516
5189.3392  7.524
5191.4215  7.523
5193.5038  7.520
5195.5861  7.526
5197.6684  7.528
5199.7507  7.525
5201.8330  7.525
5203.9153  7.527
5205.9976  7.521
5208.0799  7.515
5210.1622  7.513
5212.2445  7.505
5214.3268  7.498
5216.4091  7.504
5218.4914  7.514
5220.5737  7.518
5222.6560  7.513
5224.7383  7.498
5226.8206  7.492
5228.9029  7.506
5230.9852  7.526
5233.0675  7.524
5235.1498  7.507
5237.2321  7.495
5239.3144  7.486
5241.3967  7.484
5243.4790  7.489
5245.5613  7.494
5247.6436  7.498
5249.7259  7.497
5251.8082  7.489
5253.8905  7.482
5255.9728  7.485
5258.0551  7.494
5260.1374  7.491
5262.2197  7.486
5264.3020  7.484
5266.3843  7.478
5268.4666  7.477
5270.5489  7.489
5272.6312  7.489
5274.7135  7.477
5276.7958  7.475
5278.8781  7.481
5280.9604  7.492
5283.0427  7.497
5285.1250  7.494
5287.2073  7.479
5289.2896  7.473
5291.3719  7.476
5293.4542  7.477
5295.5365  7.471
5297.6188  7.472
5299.7011  7.478
5301.7834  7.478
5303.8657  7.473
5305.9480  7.471
5308.0303  7.470
5310.1126  7.466
5312.1949  7.463
5314.2772  7.463
5316.3595  7.461
5318.4418  7.459
5320.5241  7.458
5322.6064  7.467
5324.6887  7.476
5326.7710  7.470
5328.8533  7.455
5330.9356  7.461
5333.0179  7.473
5335.1002  7.473
5337.1825  7.470
5339.2648  7.475
5341.3471  7.477
5343.4294  7.475
5345.5117  7.477
5347.5940  7.485
5349.6763  7.485
5351.7586  7.473
5353.8409  7.464
5355.9232  7.464
5358.0055  7.470
5360.0878  7.476
5362.1701  7.469
5364.2524  7.468
5366.3347  7.471
5368.4170  7.473
5370.4993  7.477
5372.5816  7.479
5374.6639  7.473
5376.7462  7.474
5378.8285  7.481
5380.9108  7.480
5382.9931  7.477
5385.0754  7.477
5387.1577  7.481
5389.2400  7.483
5391.3223  7.483
5393.4046  7.476
5395.4869  7.469
5397.5692  7.481
5399.6515  7.501
5401.7338  7.518
5403.8161  7.538
5405.8984  7.560
5407.9807  7.569
5410.0630  7.567
5412.1453  7.562
5414.2276  7.548
5416.3099  7.526
5418.3922  7.504
5420.4745  7.484
5422.5568  7.468
5424.6391  7.464
5426.7214  7.464
5428.8037  7.462
5430.8860  7.461
5432.9683  7.467
5435.0506  7.473
5437.1329  7.473
5439.2152  7.473
5441.2975  7.476
5443.3798  7.477
5445.4621  7.473
5447.5444  7.468
5449.6267  7.467
5451.7090  7.471
5453.7913  7.477
5455.8736  7.479
5457.9559  7.478
5460.0382  7.472
5462.1205  7.469
5464.2028  7.469
5466.2851  7.464
5468.3674  7.459
5470.4497  7.464
5472.5320  7.468
5474.6143  7.462
5476.6966  7.460
5478.7789  7.464
5480.8612  7.465
5482.9435  7.465
5485.0258  7.466
5487.1081  7.462
5489.1904  7.458
5491.2727  7.457
5493.3550  7.451
5495.4373  7.445
5497.5196  7.447
5499.6019  7.451
5501.6842  7.451
5503.7665  7.451
5505.8488  7.454
5507.9311  7.455
5510.0134  7.453
5512.0957  7.448
5514.1780  7.441
5516.2603  7.438
5518.3426  7.442
5520.4249  7.447
5522.5072  7.445
5524.5895  7.440
5526.6718  7.442
5528.7541  7.444
5530.8364  7.443
5532.9187  7.447
5535.0010  7.451
5537.0833  7.449
5539.1656  7.449
5541.2479  7.450
5543.3302  7.447
5545.4125  7.446
5547.4948  7.446
5549.5771  7.448
5551.6594  7.454
5553.7417  7.457
5555.8240  7.451
5557.9063  7.442
5559.9886  7.436
5562.0709  7.428
5564.1532  7.432
5566.2355  7.435
5568.3178  7.427
5570.4001  7.417
5572.4824  7.418
5574.5647  7.436
5576.6470  7.452
5578.7293  7.454
5580.8116  7.439
5582.8939  7.435
5584.9762  7.442
5587.0585  7.450
5589.1408  7.453
5591.2231  7.450
5593.3054  7.444
5595.3877  7.441
5597.4700  7.441
5599.5523  7.438
5601.6346  7.436
5603.7169  7.440
5605.7992  7.443
5607.8815  7.446
5609.9638  7.450
5612.0461  7.449
5614.1284  7.443
5616.2107  7.432
5618.2930  7.425
5620.3753  7.423
5622.4576  7.425
5624.5399  7.433
5626.6222  7.445
5628.7045  7.447
5630.7868  7.442
5632.8691  7.437
5634.9514  7.435
5637.0337  7.438
5639.1160  7.441
5641.1983  7.436
5643.2806  7.431
5645.3629  7.433
5647.4452  7.440
5649.5275  7.440
5651.6098  7.442
5653.6921  7.442
5655.7744  7.438
5657.8567  7.438
5659.9390  7.439
5662.0213  7.434
5664.1036  7.424
5666.1859  7.415
5668.2682  7.416
5670.3505  7.427
5672.4328  7.433
5674.5151  7.431
5676.5974  7.427
5678.6797  7.431
5680.7620  7.436
5682.8443  7.437
5684.9266  7.432
5687.0089  7.427
5689.0912  7.427
5691.1735  7.431
5693.2558  7.427
5695.3381  7.424
5697.4204  7.429
5699.5027  7.437
5701.5850  7.439
5703.6673  7.437
5705.7496  7.434
5707.8319  7.433
5709.9142  7.438
5711.9965  7.441
5714.0788  7.439
5716.1611  7.438
5718.2434  7.439
5720.3257  7.436
5722.4080  7.430
5724.4903  7.428
5726.5726  7.425
5728.6549  7.425
5730.7372  7.430
5732.8195  7.434
5734.9018  7.435
5736.9841  7.437
5739.0664  7.435
5741.1487  7.430
5743.2310  7.429
5745.3133  7.435
5747.3956  7.441
5749.4779  7.443
5751.5602  7.442
5753.6425  7.441
5755.7248  7.436
5757.8071  7.433
5759.8894  7.433
5761.9717  7.435
5764.0540  7.441
5766.1363  7.449
5768.2186  7.452
5770.3009  7.452
5772.3832  7.457
5774.4655  7.465
5776.5478  7.471
5778.6301  7.474
5780.7124  7.472
5782.7947  7.467
5784.8770  7.461
5786.9593  7.456
5789.0416  7.450
5791.1239  7.446
5793.2062  7.443
5795.2885  7.439
5797.3708  7.441
5799.4531  7.452
5801.5354  7.455
5803.6177  7.449
5805.7000  7.444
5807.7823  7.438
5809.8646  7.431
5811.9469  7.425
5814.0292  7.422
5816.1115  7.424
5818.1938  7.427
5820.2761  7.425
5822.3584  7.417
5824.4407  7.413
5826.5230  7.408
5828.6053  7.400
5830.6876  7.401
5832.7699  7.408
5834.8522  7.406
5836.9345  7.400
5839.0168  7.398
5841.0991  7.400
5843.1814  7.404
5845.2637  7.405
5847.3460  7.404
5849.4283  7.410
5851.5106  7.414
5853.5929  7.408
5855.6752  7.399
5857.7575  7.396
5859.8398  7.397
5861.9221  7.402
5864.0044  7.409
5866.0867  7.419
5868.1690  7.432
5870.2513  7.447
5872.3336  7.458
5874.4159  7.461
5876.4982  7.458
5878.5805  7.450
5880.6628  7.447
5882.7451  7.452
5884.8274  7.466
5886.9097  7.482
5888.9920  7.496
5891.0743  7.503
5893.1566  7.501
5895.2389  7.483
5897.3212  7.456
5899.4035  7.429
5901.4858  7.413
5903.5681  7.402
5905.6504  7.395
5907.7327  7.398
5909.8150  7.405
5911.8973  7.407
5913.9796  7.401
5916.0619  7.391
5918.1442  7.402
5920.2265  7.397
5922.3088  7.386
5924.3911  7.386
5926.4734  7.427
5928.5557  7.432
5930.6380  7.428
5932.7203  7.421
5934.8026  7.422
5936.8849  7.426
5938.9672  7.429
5941.0495  7.429
5943.1318  7.428
5945.2141  7.423
5947.2964  7.415
5949.3787  7.408
5951.4610  7.405
5953.5433  7.411
5955.6256  7.412
5957.7079  7.408
5959.7902  7.405
5961.8725  7.410
5963.9548  7.415
5966.0371  7.421
5968.1194  7.430
5970.2017  7.442
5972.2840  7.443
5974.3663  7.440
5976.4486  7.439
5978.5309  7.432
5980.6132  7.422
5982.6955  7.413
5984.7778  7.407
5986.8601  7.413
5988.9424  7.414
5991.0247  7.417
5993.1070  7.424
5995.1893  7.422
5997.2716  7.413
5999.3539  7.409
6001.4362  7.416
6003.5185  7.419
6005.6008  7.417
6007.6831  7.413
6009.7654  7.407
6011.8477  7.396
6013.9300  7.398
6016.0123  7.407
6018.0946  7.420
6020.1769  7.429
6022.2592  7.427
6024.3415  7.424
6026.4238  7.422
6028.5061  7.418
6030.5884  7.405
6032.6707  7.402
6034.7530  7.405
6036.8353  7.408
6038.9176  7.403
6040.9999  7.403
6043.0822  7.406
6045.1645  7.412
6047.2468  7.413
6049.3291  7.405
6051.4114  7.396
6053.4937  7.390
6055.5760  7.399
6057.6583  7.404
6059.7406  7.413
6061.8229  7.423
6063.9052  7.430
6065.9875  7.425
6068.0698  7.418
6070.1521  7.412
6072.2344  7.409
6074.3167  7.414
6076.3990  7.410
6078.4813  7.402
6080.5636  7.400
6082.6459  7.402
6084.7282  7.397
6086.8105  7.391
6088.8928  7.392
6090.9751  7.405
6093.0574  7.416
6095.1397  7.420
6097.2220  7.412
6099.3043  7.409
6101.3866  7.408
6103.4689  7.405
6105.5512  7.400
6107.6335  7.400
6109.7158  7.396
6111.7981  7.390
6113.8804  7.389
6115.9627  7.407
6118.0450  7.414
6120.1273  7.413
6122.2096  7.409
6124.2919  7.411
6126.3742  7.407
6128.4565  7.404
6130.5388  7.404
6132.6211  7.404
6134.7034  7.410
6136.7857  7.410
6138.8680  7.407
6140.9503  7.407
6143.0326  7.418
6145.1149  7.422
6147.1972  7.419
6149.2795  7.410
6151.3618  7.409
6153.4441  7.409
6155.5264  7.413
6157.6087  7.421
6159.6910  7.421
6161.7733  7.431
6163.8556  7.447
6165.9379  7.463
6168.0202  7.462
6170.1025  7.457
6172.1848  7.453
6174.2671  7.452
6176.3494  7.453
6178.4317  7.444
6180.5140  7.434
6182.5963  7.427
6184.6786  7.432
6186.7609  7.430
6188.8432  7.428
6190.9255  7.427
6193.0078  7.428
6195.0901  7.426
6197.1724  7.423
6199.2547  7.421
6201.3370  7.419
6203.4193  7.414
6205.5016  7.405
6207.5839  7.396
6209.6662  7.389
6211.7485  7.389
6213.8308  7.392
6215.9131  7.396
6217.9954  7.403
6220.0777  7.407
6222.1600  7.411
6224.2423  7.415
6226.3246  7.418
6228.4069  7.422
6230.4892  7.427
6232.5715  7.430
6234.6538  7.428
6236.7361  7.425
6238.8184  7.425
6240.9007  7.420
6242.9830  7.412
6245.0653  7.407
6247.1476  7.409
6249.2299  7.409
6251.3121  7.407
6253.3944  7.408
6255.4767  7.408
6257.5590  7.407
6259.6413  7.407
6261.7236  7.405
6263.8059  7.411
6265.8882  7.420
6267.9705  7.427
6270.0528  7.431
6272.1351  7.438
6274.2174  7.451
6276.2997  7.466
6278.3820  7.479
6280.4643  7.489
6282.5466  7.492
6284.6289  7.484
6286.7112  7.469
6288.7935  7.460
6290.8758  7.452
6292.9581  7.446
6295.0404  7.443
6297.1227  7.440
6299.2050  7.438
6301.2873  7.443
6303.3696  7.449
6305.4519  7.448
6307.5342  7.447
6309.6165  7.448
6311.6988  7.448
6313.7811  7.445
6315.8634  7.447
6317.9457  7.445
6320.0280  7.439
6322.1103  7.429
6324.1926  7.418
6326.2749  7.411
6328.3572  7.408
6330.4395  7.410
6332.5218  7.415
6334.6041  7.414
6336.6864  7.411
6338.7687  7.409
6340.8510  7.410
6342.9333  7.409
6345.0156  7.409
6347.0979  7.410
6349.1802  7.411
6351.2625  7.413
6353.3448  7.413
6355.4271  7.410
6357.5094  7.410
6359.5917  7.417
6361.6740  7.422
6363.7563  7.421
6365.8386  7.415
6367.9209  7.404
6370.0032  7.402
6372.0855  7.409
6374.1678  7.425
6376.2501  7.428
6378.3324  7.430
6380.4147  7.430
6382.4970  7.426
6384.5793  7.414
6386.6616  7.410
6388.7439  7.408
6390.8262  7.403
6392.9085  7.402
6394.9908  7.403
6397.0731  7.407
6399.1554  7.415
6401.2377  7.432
6403.3200  7.438
6405.4023  7.436
6407.4846  7.428
6409.5669  7.420
6411.6492  7.411
6413.7315  7.406
6415.8138  7.403
6417.8961  7.398
6419.9784  7.393
6422.0607  7.395
6424.1430  7.397
6426.2253  7.394
6428.3076  7.400
6430.3899  7.402
6432.4722  7.400
6434.5545  7.394
6436.6368  7.402
6438.7191  7.406
6440.8014  7.406
6442.8837  7.401
6444.9660  7.401
6447.0483  7.401
6449.1306  7.403
6451.2129  7.407
6453.2952  7.410
6455.3775  7.409
6457.4598  7.407
6459.5421  7.404
6461.6244  7.398
6463.7067  7.403
6465.7890  7.410
6467.8713  7.416
6469.9536  7.417
6472.0359  7.421
6474.1182  7.419
6476.2005  7.413
6478.2828  7.407
6480.3651  7.406
6482.4474  7.405
6484.5297  7.405
6486.6120  7.409
6488.6943  7.412
6490.7766  7.413
6492.8589  7.414
6494.9412  7.417
6497.0235  7.411
6499.1058  7.411
6501.1881  7.414
6503.2704  7.416
6505.3527  7.407
6507.4350  7.404
6509.5173  7.404
6511.5996  7.404
6513.6819  7.407
6515.7642  7.415
6517.8465  7.423
6519.9288  7.430
6522.0111  7.438
6524.0934  7.443
6526.1757  7.446
6528.2580  7.447
6530.3403  7.452
6532.4226  7.442
6534.5049  7.430
6536.5872  7.419
6538.6695  7.413
6540.7518  7.412
6542.8341  7.414
6544.9164  7.416
6546.9987  7.418
6549.0810  7.429
6551.1633  7.454
6553.2456  7.486
6555.3279  7.520
6557.4102  7.545
6559.4925  7.549
6561.5748  7.534
6563.6571  7.504
6565.7394  7.472
6567.8217  7.446
6569.9040  7.427
6571.9863  7.414
6574.0686  7.404
6576.1509  7.393
6578.2332  7.388
6580.3155  7.388
6582.3978  7.392
6584.4801  7.396
6586.5624  7.399
6588.6447  7.398
6590.7270  7.392
6592.8093  7.390
6594.8916  7.388
6596.9739  7.385
6599.0562  7.380
6601.1385  7.387
6603.2208  7.387
6605.3031  7.386
6607.3854  7.388
6609.4677  7.398
6611.5500  7.399
6613.6323  7.400
6615.7146  7.403
6617.7969  7.400
6619.8792  7.388
6621.9615  7.381
6624.0438  7.383
6626.1261  7.383
6628.2084  7.383
6630.2907  7.383
6632.3730  7.381
6634.4553  7.373
6636.5376  7.374
6638.6199  7.374
6640.7022  7.372
6642.7845  7.370
6644.8668  7.375
6646.9491  7.375
6649.0314  7.374
6651.1137  7.375
6653.1960  7.377
6655.2783  7.376
6657.3606  7.377
6659.4429  7.382
6661.5252  7.379
6663.6075  7.378
6665.6898  7.382
6667.7721  7.390
6669.8544  7.393
6671.9367  7.400
6674.0190  7.407
6676.1013  7.413
6678.1836  7.412
6680.2659  7.411
6682.3482  7.409
6684.4305  7.404
6686.5128  7.395
6688.5951  7.380
6690.6774  7.365
6692.7597  7.355
6694.8420  7.358
6696.9243  7.364
6699.0066  7.367
6701.0889  7.366
6703.1712  7.365
6705.2535  7.356
6707.3358  7.349
6709.4181  7.345
6711.5004  7.344
6713.5827  7.336
6715.6650  7.333
6717.7473  7.332
6719.8296  7.330
6721.9119  7.330
6723.9942  7.342
6726.0765  7.352
6728.1588  7.354
6730.2411  7.350
6732.3234  7.355
6734.4057  7.358
6736.4880  7.359
6738.5703  7.366
6740.6526  7.362
6742.7349  7.352
6744.8172  7.343
6746.8995  7.345
6748.9818  7.347
6751.0641  7.352
6753.1464  7.357
6755.2287  7.357
6757.3110  7.347
6759.3933  7.342
6761.4756  7.341
6763.5579  7.338
6765.6402  7.341
6767.7225  7.346
6769.8048  7.346
6771.8871  7.340
6773.9694  7.340
6776.0517  7.343
6778.1340  7.345
6780.2163  7.345
6782.2986  7.345
6784.3809  7.341
6786.4632  7.338
6788.5455  7.335
6790.6278  7.331
6792.7101  7.327
6794.7924  7.331
6796.8747  7.342
6798.9570  7.349
6801.0393  7.350
6803.1216  7.350
6805.2039  7.348
6807.2862  7.344
6809.3685  7.343
6811.4508  7.344
6813.5331  7.345
6815.6154  7.344
6817.6977  7.345
6819.7800  7.342
6821.8623  7.336
6823.9446  7.332
6826.0269  7.335
6828.1092  7.337
6830.1915  7.338
6832.2738  7.341
6834.3561  7.347
6836.4384  7.352
6838.5207  7.355
6840.6030  7.356
6842.6853  7.344
6844.7676  7.337
6846.8499  7.334
6848.9322  7.335
6851.0145  7.334
6853.0968  7.338
6855.1791  7.346
6857.2614  7.359
6859.3437  7.378
6861.4260  7.408
6863.5083  7.455
6865.5906  7.515
6867.6729  7.585
6869.7552  7.618
6871.8375  7.614
6873.9198  7.584
6876.0021  7.540
6878.0844  7.499
6880.1667  7.479
6882.2490  7.478
6884.3313  7.495
6886.4136  7.509
6888.4959  7.520
6890.5782  7.523
6892.6605  7.513
6894.7428  7.491
6896.8251  7.476
6898.9074  7.463
6900.9897  7.451
6903.0720  7.440
6905.1543  7.430
6907.2366  7.417
6909.3189  7.403
6911.4012  7.394
6913.4835  7.389
6915.5658  7.383
6917.6481  7.378
6919.7304  7.377
6921.8127  7.368
6923.8950  7.362
6925.9773  7.361
6928.0596  7.369
6930.1419  7.372
6932.2242  7.371
6934.3065  7.372
6936.3888  7.376
6938.4711  7.380
6940.5534  7.383
6942.6357  7.382
6944.7180  7.377
6946.8003  7.370
6948.8826  7.367
6950.9649  7.364
6953.0472  7.361
6955.1295  7.360
6957.2118  7.360
6959.2941  7.356
6961.3764  7.349
6963.4587  7.341
6965.5410  7.337
6967.6233  7.338
6969.7056  7.341
6971.7879  7.342
6973.8702  7.338
6975.9525  7.336
6978.0348  7.338
6980.1171  7.344
6982.1994  7.357
6984.2817  7.369
6986.3640  7.377
6988.4463  7.379
6990.5286  7.387
6992.6109  7.386
6994.6932  7.380
6996.7755  7.375
6998.8578  7.379
7000.9401  7.375
7003.0224  7.371
7005.1047  7.371
7007.1870  7.373
7009.2693  7.372
7011.3516  7.371
7013.4339  7.373
7015.5162  7.375
7017.5985  7.372
7019.6808  7.368
7021.7631  7.363
7023.8454  7.353
7025.9277  7.350
7028.0100  7.346
7030.0923  7.340
7032.1746  7.335
7034.2569  7.341
7036.3392  7.345
7038.4215  7.349
7040.5038  7.355
7042.5861  7.360
7044.6684  7.359
7046.7507  7.356
7048.8330  7.356
7050.9153  7.354
7052.9976  7.351
7055.0799  7.351
7057.1622  7.355
7059.2445  7.359
7061.3268  7.368
7063.4091  7.375
7065.4914  7.378
7067.5737  7.365
7069.6560  7.360
7071.7383  7.358
7073.8206  7.357
7075.9029  7.353
7077.9852  7.349
7080.0675  7.346
7082.1498  7.342
7084.2321  7.340
7086.3144  7.343
7088.3967  7.345
7090.4790  7.346
7092.5613  7.346
7094.6436  7.340
7096.7259  7.339
7098.8082  7.343
7100.8905  7.349
7102.9728  7.347
7105.0551  7.348
7107.1374  7.349
7109.2197  7.347
7111.3020  7.343
7113.3843  7.345
7115.4666  7.346
7117.5489  7.345
7119.6312  7.344
7121.7135  7.346
7123.7958  7.349
7125.8781  7.351
7127.9604  7.352
7130.0427  7.344
7132.1250  7.337
7134.2073  7.335
7136.2896  7.344
7138.3719  7.347
7140.4542  7.350
7142.5365  7.352
7144.6188  7.353
7146.7011  7.357
7148.7834  7.363
7150.8657  7.368
7152.9480  7.368
7155.0303  7.366
7157.1126  7.365
7159.1949  7.368
7161.2772  7.375
7163.3595  7.401
7165.4418  7.428
7167.5241  7.457
7169.6064  7.484
7171.6887  7.512
7173.7710  7.525
7175.8533  7.533
7177.9356  7.539
7180.0179  7.540
7182.1002  7.536
7184.1825  7.531
7186.2648  7.525
7188.3471  7.511
7190.4294  7.505
7192.5117  7.501
7194.5940  7.497
7196.6763  7.490
7198.7586  7.492
7200.8409  7.491
7202.9232  7.481
7205.0055  7.457
7207.0878  7.430
7209.1701  7.405
7211.2524  7.388
7213.3347  7.384
7215.4170  7.386
7217.4993  7.386
7219.5816  7.388
7221.6639  7.397
7223.7462  7.398
7225.8285  7.404
7227.9108  7.417
7229.9931  7.438
7232.0754  7.453
7234.1577  7.458
7236.2400  7.459
7238.3223  7.457
7240.4046  7.451
7242.4869  7.443
7244.5692  7.438
7246.6515  7.438
7248.7338  7.451
7250.8161  7.458
7252.8984  7.457
7254.9807  7.453
7257.0630  7.455
7259.1453  7.457
7261.2276  7.459
7263.3099  7.460
7265.3922  7.460
7267.4745  7.451
7269.5568  7.451
7271.6391  7.455
7273.7214  7.460
7275.8037  7.456
7277.8860  7.445
7279.9683  7.428
7282.0506  7.408
7284.1329  7.408
7286.2152  7.421
7288.2975  7.432
7290.3798  7.436
7292.4621  7.432
7294.5444  7.424
7296.6267  7.422
7298.7090  7.427
7300.7913  7.433
7302.8736  7.436
7304.9559  7.437
7307.0382  7.436
7309.1205  7.424
7311.2028  7.418
7313.2851  7.418
7315.3674  7.419
7317.4497  7.409
7319.5320  7.395
7321.6143  7.383
7323.6966  7.373
7325.7789  7.367
7327.8612  7.370
7329.9435  7.372
7332.0258  7.372
7334.1081  7.372
7336.1904  7.372
7338.2727  7.374
7340.3550  7.380
7342.4373  7.390
7344.5196  7.392
7346.6019  7.391
7348.6842  7.386
7350.7665  7.379
7352.8488  7.368
7354.9311  7.370
7357.0134  7.372
7359.0957  7.373
7361.1780  7.371
7363.2603  7.377
7365.3426  7.382
7367.4249  7.384
7369.5072  7.378
7371.5895  7.371
7373.6718  7.367
7375.7541  7.365
7377.8364  7.367
7379.9187  7.368
7382.0010  7.368
7384.0833  7.367
7386.1656  7.366
7388.2479  7.366
7390.3302  7.368
7392.4125  7.372
7394.4948  7.376
7396.5771  7.376
7398.6594  7.372
7400.7417  7.367
7402.8240  7.360
7404.9063  7.356
7406.9886  7.354
7409.0709  7.356
7411.1532  7.359
7413.2355  7.360
7415.3178  7.353
7417.4001  7.350
7419.4824  7.353
7421.5647  7.359
7423.6470  7.368
7425.7293  7.372
7427.8116  7.368
7429.8939  7.355
7431.9762  7.352
7434.0585  7.351
7436.1408  7.351
7438.2231  7.351
7440.3054  7.354
7442.3877  7.356
7444.4700  7.358
7446.5523  7.361
7448.6346  7.360
7450.7169  7.359
7452.7992  7.359
7454.8815  7.362
7456.9638  7.363
7459.0461  7.355
7461.1284  7.350
7463.2107  7.349
7465.2930  7.354
7467.3753  7.358
7469.4576  7.359
7471.5399  7.357
7473.6222  7.354
7475.7045  7.354
7477.7868  7.355
7479.8691  7.359
7481.9514  7.364
7484.0337  7.362
7486.1160  7.357
7488.1983  7.352
7490.2806  7.349
7492.3629  7.349
7494.4452  7.349
7496.5275  7.342
7498.6098  7.328
7500.6921  7.322
7502.7744  7.324
7504.8567  7.326
7506.9390  7.325
7509.0213  7.327
7511.1036  7.326
7513.1859  7.325
7515.2682  7.323
7517.3505  7.324
7519.4328  7.326
7521.5151  7.329
7523.5974  7.333
7525.6797  7.341
7527.7620  7.348
7529.8443  7.350
7531.9266  7.349
7534.0089  7.347
7536.0912  7.350
7538.1735  7.348
7540.2558  7.345
7542.3381  7.342
7544.4204  7.348
7546.5027  7.348
7548.5850  7.346
7550.6673  7.343
7552.7496  7.346
7554.8319  7.348
7556.9142  7.350
7558.9965  7.351
7561.0788  7.346
7563.1611  7.345
7565.2434  7.347
7567.3257  7.353
7569.4080  7.359
7571.4903  7.366
7573.5726  7.372
7575.6549  7.378
7577.7372  7.388
7579.8195  7.393
7581.9018  7.405
7583.9841  7.428
7586.0664  7.471
7588.1487  7.549
7590.2310  7.664
7592.3133  7.818
7594.3956  8.013
7596.4779  8.208
7598.5602  8.375
7600.6425  8.503
7602.7248  8.581
7604.8071  8.570
7606.8894  8.500
7608.9717  8.381
7611.0540  8.219
7613.1363  8.038
7615.2186  7.891
7617.3009  7.807
7619.3832  7.802
7621.4655  7.889
7623.5478  7.969
7625.6301  8.027
7627.7124  8.056
7629.7947  8.045
7631.8770  8.021
7633.9593  7.985
7636.0416  7.940
7638.1239  7.902
7640.2062  7.867
7642.2885  7.825
7644.3708  7.780
7646.4531  7.740
7648.5354  7.705
7650.6177  7.677
7652.7000  7.651
7654.7823  7.622
7656.8646  7.588
7658.9469  7.563
7661.0292  7.546
7663.1115  7.534
7665.1938  7.514
7667.2761  7.493
7669.3584  7.471
7671.4407  7.448
7673.5230  7.427
7675.6053  7.414
7677.6876  7.410
7679.7699  7.411
7681.8522  7.404
7683.9345  7.390
7686.0168  7.380
7688.0991  7.376
7690.1814  7.370
7692.2637  7.371
7694.3460  7.378
7696.4283  7.389
7698.5106  7.390
7700.5929  7.381
7702.6752  7.370
7704.7575  7.362
7706.8398  7.363
7708.9221  7.357
7711.0044  7.349
7713.0867  7.345
7715.1690  7.345
7717.2513  7.344
7719.3336  7.343
7721.4159  7.339
7723.4982  7.332
7725.5805  7.331
7727.6628  7.334
7729.7451  7.337
7731.8274  7.339
7733.9097  7.348
7735.9920  7.347
7738.0743  7.340
7740.1566  7.333
7742.2389  7.333
7744.3212  7.340
7746.4035  7.347
7748.4858  7.348
7750.5681  7.338
7752.6504  7.339
7754.7327  7.336
7756.8150  7.331
7758.8973  7.331
7760.9796  7.335
7763.0619  7.331
7765.1442  7.324
7767.2265  7.319
7769.3088  7.327
7771.3911  7.328
7773.4734  7.326
7775.5557  7.322
7777.6380  7.323
7779.7203  7.322
7781.8026  7.321
7783.8849  7.323
7785.9672  7.322
7788.0495  7.321
7790.1318  7.320
7792.2141  7.320
7794.2964  7.328
7796.3787  7.333
7798.4610  7.331
7800.5433  7.325
7802.6256  7.321
7804.7079  7.315
7806.7902  7.309
7808.8725  7.306
7810.9548  7.312
7813.0371  7.326
7815.1194  7.332
7817.2017  7.330
7819.2840  7.322
7821.3663  7.313
7823.4486  7.307
7825.5309  7.305
7827.6132  7.308
7829.6955  7.316
7831.7778  7.322
7833.8601  7.321
7835.9424  7.313
7838.0247  7.322
7840.1070  7.325
7842.1893  7.321
7844.2716  7.313
7846.3539  7.319
7848.4362  7.323
7850.5185  7.325
7852.6008  7.325
7854.6831  7.325
7856.7654  7.317
7858.8477  7.310
7860.9300  7.304
7863.0123  7.299
7865.0946  7.302
7867.1769  7.304
7869.2592  7.305
7871.3415  7.312
7873.4238  7.324
7875.5061  7.329
7877.5884  7.329
7879.6707  7.327
7881.7530  7.313
7883.8353  7.307
7885.9176  7.310
7887.9999  7.318
7890.0822  7.334
7892.1645  7.344
7894.2468  7.349
7896.3291  7.350
7898.4114  7.346
7900.4937  7.342
7902.5760  7.340
7904.6583  7.338
7906.7406  7.329
7908.8229  7.316
7910.9052  7.315
7912.9875  7.323
7915.0698  7.316
7917.1521  7.312
7919.2344  7.314
7921.3167  7.320
7923.3990  7.328
7925.4813  7.340
7927.5636  7.342
7929.6459  7.334
7931.7282  7.325
7933.8105  7.316
7935.8928  7.308
7937.9751  7.300
7940.0574  7.294
7942.1397  7.300
7944.2220  7.305
7946.3043  7.304
7948.3866  7.295
7950.4689  7.292
7952.5512  7.299
7954.6335  7.306
7956.7158  7.309
7958.7981  7.305
7960.8804  7.300
7962.9627  7.299
7965.0450  7.303
7967.1273  7.307
7969.2096  7.313
7971.2919  7.321
7973.3742  7.329
7975.4565  7.330
7977.5388  7.329
7979.6211  7.326
7981.7034  7.322
7983.7857  7.316
7985.8680  7.313
7987.9503  7.308
7990.0326  7.307
7992.1149  7.319
7994.1972  7.334
7996.2795  7.338
7998.3618  7.336
8000.4441  7.330
8002.5264  7.326
8004.6087  7.328
8006.6910  7.331
8008.7733  7.332
8010.8556  7.330
8012.9379  7.330
8015.0202  7.328
8017.1025  7.326
8019.1848  7.331
8021.2671  7.335
8023.3494  7.337
8025.4317  7.337
8027.5140  7.334
8029.5963  7.325
8031.6786  7.320
8033.7609  7.319
8035.8432  7.321
8037.9255  7.321
8040.0078  7.323
8042.0901  7.325
8044.1724  7.326
8046.2547  7.318
8048.3370  7.316
8050.4193  7.318
8052.5016  7.321
8054.5839  7.316
8056.6662  7.315
8058.7485  7.319
8060.8308  7.325
8062.9131  7.326
8064.9954  7.324
8067.0777  7.320
8069.1600  7.318
8071.2423  7.324
8073.3246  7.329
8075.4069  7.328
8077.4892  7.320
8079.5715  7.313
8081.6538  7.311
8083.7361  7.310
8085.8184  7.311
8087.9007  7.320
8089.9830  7.328
8092.0653  7.331
8094.1476  7.332
8096.2299  7.339
8098.3122  7.337
8100.3945  7.339
8102.4768  7.341
8104.5591  7.341
8106.6414  7.348
8108.7237  7.351
8110.8060  7.349
8112.8883  7.342
8114.9706  7.346
8117.0529  7.354
8119.1352  7.364
8121.2175  7.375
8123.2998  7.386
8125.3821  7.393
8127.4644  7.396
8129.5467  7.398
8131.6290  7.395
8133.7113  7.393
8135.7936  7.399
8137.8759  7.413
8139.9582  7.429
8142.0405  7.436
8144.1228  7.439
8146.2051  7.441
8148.2874  7.447
8150.3697  7.459
8152.4520  7.470
8154.5343  7.474
8156.6166  7.467
8158.6989  7.462
8160.7812  7.462
8162.8635  7.462
8164.9458  7.455
8167.0281  7.448
8169.1104  7.442
8171.1927  7.439
8173.2750  7.436
8175.3573  7.441
8177.4396  7.435
8179.5219  7.414
8181.6042  7.383
8183.6865  7.370
8185.7688  7.347
8187.8511  7.325
8189.9334  0.000
