3125.9714 16.201
3128.0537 17.156
3130.1359 18.290
3132.2182 19.045
3134.3005 18.860
3136.3828 16.113
3138.4650 15.210
3140.5473 14.987
3142.6296 14.787
3144.7118 14.613
3146.7941 14.685
3148.8764 14.974
3150.9587 15.423
3153.0409 15.636
3155.1232 15.823
3157.2055 16.047
3159.2877 16.031
3161.3700 15.263
3163.4523 15.350
3165.5345 15.311
3167.6168 15.282
3169.6991 15.537
3171.7814 16.759
3173.8636 17.131
3175.9459 17.051
3178.0282 16.822
3180.1104 17.406
3182.1927 17.076
3184.2750 16.705
3186.3573 16.406
3188.4395 15.503
3190.5218 15.005
3192.6041 14.767
3194.6863 14.724
3196.7686 14.819
3198.8509 15.029
3200.9332 15.588
3203.0154 15.965
3205.0977 15.331
3207.1800 15.219
3209.2622 15.050
3211.3445 14.875
3213.4268 14.811
3215.5090 15.148
3217.5913 15.035
3219.6736 15.115
3221.7559 15.441
3223.8381 15.423
3225.9204 15.102
3228.0027 15.000
3230.0849 15.394
3232.1672 16.116
3234.2495 16.224
3236.3318 16.103
3238.4140 15.985
3240.4963 16.128
3242.5786 16.474
3244.6608 15.937
3246.7431 15.544
3248.8254 15.540
3250.9077 15.237
3252.9899 15.031
3255.0722 14.948
3257.1545 15.005
3259.2367 15.583
3261.3190 15.478
3263.4013 15.047
3265.4836 14.683
3267.5658 14.597
3269.6481 14.643
3271.7304 14.775
3273.8126 14.845
3275.8949 15.049
3277.9772 15.828
3280.0594 15.889
3282.1417 15.543
3284.2240 15.493
3286.3063 15.458
3288.3885 15.106
3290.4708 14.963
3292.5531 14.958
3294.6353 15.136
3296.7176 14.973
3298.7999 14.912
3300.8822 14.927
3302.9644 15.040
3305.0467 15.066
3307.1290 15.107
3309.2112 15.069
3311.2935 15.011
3313.3758 14.864
3315.4581 14.793
3317.5403 15.073
3319.6226 15.424
3321.7049 15.392
3323.7871 15.196
3325.8694 15.077
3327.9517 15.119
3330.0339 14.984
3332.1162 14.819
3334.1985 14.900
3336.2808 15.023
3338.3630 14.980
3340.4453 14.876
3342.5276 14.814
3344.6098 14.791
3346.6921 14.764
3348.7744 14.748
3350.8567 14.664
3352.9389 14.616
3355.0212 14.608
3357.1035 14.681
3359.1857 14.816
3361.2680 14.998
3363.3503 15.187
3365.4326 15.113
3367.5148 15.075
3369.5971 15.240
3371.6794 15.764
3373.7616 15.604
3375.8439 15.349
3377.9262 14.959
3380.0084 14.974
3382.0907 15.071
3384.1730 15.121
3386.2553 15.042
3388.3375 14.742
3390.4198 14.918
3392.5021 15.247
3394.5843 15.424
3396.6666 15.183
3398.7489 14.908
3400.8312 14.819
3402.9134 14.809
3404.9957 14.797
3407.0780 14.626
3409.1602 14.567
3411.2425 14.603
3413.3248 14.689
3415.4071 14.709
3417.4893 14.606
3419.5716 14.532
3421.6539 14.532
3423.7361 14.579
3425.8184 14.664
3427.9007 14.596
3429.9830 14.564
3432.0652 14.635
3434.1475 14.703
3436.2298 14.678
3438.3120 14.633
3440.3943 14.604
3442.4766 14.589
3444.5588 14.647
3446.6411 14.720
3448.7234 14.804
3450.8057 14.895
3452.8879 14.666
3454.9702 14.627
3457.0525 14.712
3459.1347 14.847
3461.2170 14.850
3463.2993 14.760
3465.3816 14.685
3467.4638 14.671
3469.5461 14.701
3471.6284 14.573
3473.7106 14.471
3475.7929 14.469
3477.8752 14.620
3479.9575 14.589
3482.0397 14.495
3484.1220 14.445
3486.2043 14.520
3488.2865 14.545
3490.3688 14.511
3492.4511 14.443
3494.5333 14.357
3496.6156 14.351
3498.6979 14.315
3500.7802 14.352
3502.8624 14.445
3504.9447 14.556
3507.0270 14.620
3509.1092 14.685
3511.1915 14.723
3513.2738 14.641
3515.3561 14.495
3517.4383 14.436
3519.5206 14.426
3521.6029 14.459
3523.6851 14.537
3525.7674 14.579
3527.8497 14.617
3529.9320 14.653
3532.0142 14.529
3534.0965 14.483
3536.1788 14.477
3538.2610 14.464
3540.3433 14.410
3542.4256 14.390
3544.5079 14.354
3546.5901 14.350
3548.6724 14.346
3550.7547 14.433
3552.8369 14.374
3554.9192 14.311
3557.0015 14.335
3559.0837 14.457
3561.1660 14.556
3563.2483 14.590
3565.3306 14.573
3567.4128 14.452
3569.4951 14.287
3571.5774 14.255
3573.6596 14.233
3575.7419 14.190
3577.8242 14.178
3579.9065 14.214
3581.9887 14.278
3584.0710 14.312
3586.1533 14.363
3588.2355 14.297
3590.3178 14.278
3592.4001 14.307
3594.4824 14.332
3596.5646 14.377
3598.6469 14.350
3600.7292 14.309
3602.8114 14.285
3604.8937 14.288
3606.9760 14.359
3609.0582 14.360
3611.1405 14.351
3613.2228 14.365
3615.3051 14.361
3617.3873 14.371
3619.4696 14.323
3621.5519 14.245
3623.6341 14.214
3625.7164 14.233
3627.7987 14.228
3629.8810 14.182
3631.9632 14.134
3634.0455 14.137
3636.1278 14.182
3638.2100 14.212
3640.2923 14.232
3642.3746 14.309
3644.4569 14.298
3646.5391 14.256
3648.6214 14.236
3650.7037 14.226
3652.7859 14.170
3654.8682 14.179
3656.9505 14.177
3659.0328 14.174
3661.1150 14.144
3663.1973 14.185
3665.2796 14.193
3667.3618 14.161
3669.4441 14.090
3671.5264 14.017
3673.6086 14.072
3675.6909 14.158
3677.7732 14.206
3679.8555 14.173
3681.9377 14.147
3684.0200 14.125
3686.1023 14.120
3688.1845 14.111
3690.2668 14.045
3692.3491 13.967
3694.4314 13.930
3696.5136 13.961
3698.5959 13.991
3700.6782 14.017
3702.7604 14.033
3704.8427 14.058
3706.9250 14.124
3709.0073 14.168
3711.0895 14.187
3713.1718 14.181
3715.2541 14.132
3717.3363 14.104
3719.4186 14.100
3721.5009 14.113
3723.5831 14.100
3725.6654 14.089
3727.7477 14.067
3729.8300 14.020
3731.9122 13.938
3733.9945 13.853
3736.0768 13.802
3738.1590 13.802
3740.2413 13.862
3742.3236 13.900
3744.4059 13.940
3746.4881 13.961
3748.5704 13.952
3750.6527 13.923
3752.7349 13.908
3754.8172 13.901
3756.8995 13.898
3758.9818 13.890
3761.0640 13.905
3763.1463 13.952
3765.2286 14.018
3767.3108 14.077
3769.3931 14.017
3771.4754 13.949
3773.5576 13.884
3775.6399 13.843
3777.7222 13.828
3779.8045 13.877
3781.8867 13.942
3783.9690 13.977
3786.0513 13.924
3788.1335 13.913
3790.2158 13.939
3792.2981 13.981
3794.3804 13.996
3796.4626 13.954
3798.5449 13.915
3800.6272 13.735
3802.7094 13.732
3804.7917 13.755
3806.8740 13.736
3808.9563 13.687
3811.0385 13.660
3813.1208 13.707
3815.2031 13.800
3817.2853 13.856
3819.3676 13.831
3821.4499 13.763
3823.5322 13.707
3825.6144 13.693
3827.6967 13.714
3829.7790 13.770
3831.8612 13.821
3833.9435 13.794
3836.0258 13.754
3838.1080 13.722
3840.1903 13.701
3842.2726 13.681
3844.3549 13.655
3846.4371 13.653
3848.5194 13.682
3850.6017 13.733
3852.6839 13.761
3854.7662 13.758
3856.8485 13.744
3858.9308 13.721
3861.0130 13.706
3863.0953 13.713
3865.1776 13.708
3867.2598 13.667
3869.3421 13.618
3871.4244 13.561
3873.5067 13.551
3875.5889 13.603
3877.6712 13.680
3879.7535 13.717
3881.8357 13.706
3883.9180 13.687
3886.0003 13.714
3888.0825 13.717
3890.1648 13.682
3892.2471 13.642
3894.3294 13.584
3896.4116 13.510
3898.4939 13.500
3900.5762 13.573
3902.6584 13.640
3904.7407 13.650
3906.8230 13.630
3908.9053 13.610
3910.9875 13.593
3913.0698 13.593
3915.1521 13.608
3917.2343 13.613
3919.3166 13.611
3921.3989 13.588
3923.4812 13.554
3925.5634 13.551
3927.6457 13.597
3929.7280 13.633
3931.8102 13.634
3933.8925 13.627
3935.9748 13.623
3938.0571 13.610
3940.1393 13.577
3942.2216 13.529
3944.3039 13.508
3946.3861 13.522
3948.4684 13.536
3950.5507 13.501
3952.6329 13.470
3954.7152 13.470
3956.7975 13.484
3958.8798 13.511
3960.9620 13.560
3963.0443 13.597
3965.1266 13.617
3967.2088 13.624
3969.2911 13.622
3971.3734 13.615
3973.4557 13.613
3975.5379 13.581
3977.6202 13.528
3979.7025 13.483
3981.7847 13.489
3983.8670 13.508
3985.9493 13.500
3988.0316 13.481
3990.1138 13.460
3992.1961 13.451
3994.2784 13.446
3996.3606 13.458
3998.4429 13.453
4000.5252 13.462
4002.6074 13.492
4004.6897 13.507
4006.7720 13.471
4008.8543 13.433
4010.9365 13.414
4013.0188 13.410
4015.1011 13.379
4017.1833 13.360
4019.2656 13.368
4021.3479 13.407
4023.4302 13.447
4025.5124 13.463
4027.5947 13.442
4029.6770 13.387
4031.7592 13.332
4033.8415 13.313
4035.9238 13.335
4038.0061 13.364
4040.0883 13.361
4042.1706 13.341
4044.2529 13.326
4046.3351 13.323
4048.4174 13.321
4050.4997 13.321
4052.5820 13.307
4054.6642 13.308
4056.7465 13.333
4058.8288 13.349
4060.9110 13.333
4062.9933 13.313
4065.0756 13.293
4067.1578 13.268
4069.2401 13.268
4071.3224 13.273
4073.4047 13.283
4075.4869 13.287
4077.5692 13.294
4079.6515 13.287
4081.7337 13.274
4083.8160 13.249
4085.8983 13.234
4087.9806 13.223
4090.0628 13.216
4092.1451 13.221
4094.2274 13.266
4096.3096 13.315
4098.3919 13.344
4100.4742 13.341
4102.5565 13.323
4104.6387 13.294
4106.7210 13.273
4108.8033 13.249
4110.8855 13.215
4112.9678 13.194
4115.0501 13.184
4117.1323 13.175
4119.2146 13.177
4121.2969 13.185
4123.3792 13.176
4125.4614 13.157
4127.5437 13.166
4129.6260 13.188
4131.7082 13.185
4133.7905 13.176
4135.8728 13.167
4137.9551 13.157
4140.0373 13.157
4142.1196 13.146
4144.2019 13.125
4146.2841 13.086
4148.3664 13.060
4150.4487 13.053
4152.5310 13.054
4154.6132 13.084
4156.6955 13.124
4158.7778 13.148
4160.8600 13.137
4162.9423 13.121
4165.0246 13.100
4167.1068 13.078
4169.1891 13.077
4171.2714 13.087
4173.3537 13.091
4175.4359 13.102
4177.5182 13.121
4179.6005 13.125
4181.6827 13.113
4183.7650 13.099
4185.8473 13.088
4187.9296 13.078
4190.0118 13.084
4192.0941 13.089
4194.1764 13.100
4196.2586 13.105
4198.3409 13.107
4200.4232 13.094
4202.5055 13.080
4204.5877 13.067
4206.6700 13.057
4208.7523 13.049
4210.8345 13.045
4212.9168 13.040
4214.9991 13.027
4217.0814 13.017
4219.1636 13.014
4221.2459 13.020
4223.3282 13.013
4225.4104 13.006
4227.4927 13.007
4229.5750 13.009
4231.6572 13.012
4233.7395 13.026
4235.8218 13.032
4237.9041 13.026
4239.9863 13.008
4242.0686 12.997
4244.1509 13.002
4246.2331 13.008
4248.3154 12.999
4250.3977 12.975
4252.4800 12.975
4254.5622 12.975
4256.6445 12.970
4258.7268 12.959
4260.8090 12.955
4262.8913 12.955
4264.9736 12.954
4267.0559 12.952
4269.1381 12.947
4271.2204 12.940
4273.3027 12.932
4275.3849 12.932
4277.4672 12.938
4279.5495 12.949
4281.6317 12.956
4283.7140 12.949
4285.7963 12.927
4287.8786 12.913
4289.9608 12.910
4292.0431 12.912
4294.1254 12.906
4296.2076 12.901
4298.2899 12.902
4300.3722 12.900
4302.4545 12.894
4304.5367 12.892
4306.6190 12.889
4308.7013 12.884
4310.7835 12.879
4312.8658 12.875
4314.9481 12.867
4317.0304 12.857
4319.1126 12.854
4321.1949 12.862
4323.2772 12.868
4325.3594 12.868
4327.4417 12.864
4329.5240 12.869
4331.6063 12.884
4333.6885 12.894
4335.7708 12.899
4337.8531 12.894
4339.9353 12.881
4342.0176 12.869
4344.0999 12.865
4346.1821 12.858
4348.2644 12.834
4350.3467 12.811
4352.4290 12.794
4354.5112 12.788
4356.5935 12.782
4358.6758 12.780
4360.7580 12.776
4362.8403 12.772
4364.9226 12.765
4367.0049 12.765
4369.0871 12.758
4371.1694 12.746
4373.2517 12.733
4375.3339 12.727
4377.4162 12.726
4379.4985 12.733
4381.5808 12.746
4383.6630 12.750
4385.7453 12.753
4387.8276 12.747
4389.9098 12.742
4391.9921 12.733
4394.0744 12.739
4396.1566 12.739
4398.2389 12.733
4400.3212 12.720
4402.4035 12.705
4404.4857 12.695
4406.5680 12.696
4408.6503 12.706
4410.7325 12.709
4412.8148 12.719
4414.8971 12.728
4416.9794 12.746
4419.0616 12.765
4421.1439 12.791
4423.2262 12.815
4425.3084 12.819
4427.3907 12.798
4429.4730 12.771
4431.5553 12.748
4433.6375 12.734
4435.7198 12.730
4437.8021 12.722
4439.8843 12.706
4441.9666 12.687
4444.0489 12.670
4446.1312 12.666
4448.2134 12.657
4450.2957 12.645
4452.3780 12.632
4454.4602 12.614
4456.5425 12.602
4458.6248 12.590
4460.7070 12.576
4462.7893 12.558
4464.8716 12.558
4466.9539 12.571
4469.0361 12.571
4471.1184 12.556
4473.2007 12.557
4475.2829 12.572
4477.3652 12.572
4479.4475 12.563
4481.5298 12.550
4483.6120 12.536
4485.6943 12.518
4487.7766 12.508
4489.8588 12.500
4491.9411 12.503
4494.0234 12.514
4496.1057 12.535
4498.1879 12.548
4500.2702 12.545
4502.3525 12.522
4504.4347 12.502
4506.5170 12.483
4508.5993 12.479
4510.6815 12.481
4512.7638 12.475
4514.8461 12.465
4516.9284 12.455
4519.0106 12.453
4521.0929 12.454
4523.1752 12.453
4525.2574 12.446
4527.3397 12.441
4529.4220 12.438
4531.5043 12.440
4533.5865 12.440
4535.6688 12.452
4537.7511 12.461
4539.8333 12.460
4541.9156 12.444
4543.9979 12.424
4546.0802 12.400
4548.1624 12.386
4550.2447 12.378
4552.3270 12.373
4554.4092 12.371
4556.4915 12.369
4558.5738 12.377
4560.6561 12.387
4562.7383 12.388
4564.8206 12.378
4566.9029 12.370
4568.9851 12.371
4571.0674 12.382
4573.1497 12.392
4575.2319 12.393
4577.3142 12.384
4579.3965 12.380
4581.4788 12.379
4583.5610 12.374
4585.6433 12.367
4587.7256 12.360
4589.8078 12.352
4591.8901 12.343
4593.9724 12.349
4596.0547 12.350
4598.1369 12.342
4600.2192 12.326
4602.3015 12.318
4604.3837 12.322
4606.4660 12.328
4608.5483 12.327
4610.6306 12.320
4612.7128 12.309
4614.7951 12.297
4616.8774 12.286
4618.9596 12.267
4621.0419 12.254
4623.1242 12.246
4625.2064 12.237
4627.2887 12.221
4629.3710 12.209
4631.4533 12.183
4633.5355 12.157
4635.6178 12.139
4637.7001 12.132
4639.7823 12.122
4641.8646 12.111
4643.9469 12.110
4646.0292 12.126
4648.1114 12.128
4650.1937 12.132
4652.2760 12.144
4654.3582 12.160
4656.4405 12.161
4658.5228 12.163
4660.6051 12.166
4662.6873 12.169
4664.7696 12.174
4666.8519 12.169
4668.9341 12.156
4671.0164 12.139
4673.0987 12.135
4675.1809 12.131
4677.2632 12.121
4679.3455 12.099
4681.4278 12.073
4683.5100 12.044
4685.5923 12.029
4687.6746 12.028
4689.7568 12.041
4691.8391 12.059
4693.9214 12.077
4696.0037 12.087
4698.0859 12.092
4700.1682 12.097
4702.2505 12.097
4704.3327 12.105
4706.4150 12.114
4708.4973 12.118
4710.5796 12.120
4712.6618 12.125
4714.7441 12.136
4716.8264 12.145
4718.9086 12.142
4720.9909 12.136
4723.0732 12.142
4725.1555 12.156
4727.2377 12.160
4729.3200 12.157
4731.4023 12.150
4733.4845 12.139
4735.5668 12.138
4737.6491 12.130
4739.7313 12.122
4741.8136 12.111
4743.8959 12.116
4745.9782 12.117
4748.0604 12.118
4750.1427 12.128
4752.2250 12.145
4754.3072 12.157
4756.3895 12.159
4758.4718 12.157
4760.5541 12.158
4762.6363 12.148
4764.7186 12.139
4766.8009 12.136
4768.8831 12.127
4770.9654 12.111
4773.0477 12.100
4775.1300 12.102
4777.2122 12.111
4779.2945 12.114
4781.3768 12.100
4783.4590 12.084
4785.5413 12.082
4787.6236 12.078
4789.7058 12.065
4791.7881 12.046
4793.8704 12.046
4795.9527 12.037
4798.0349 12.031
4800.1172 12.030
4802.1995 12.037
4804.2817 12.037
4806.3640 12.038
4808.4463 12.034
4810.5286 12.028
4812.6108 12.021
4814.6931 12.021
4816.7754 12.017
4818.8576 12.011
4820.9399 12.006
4823.0222 12.010
4825.1045 12.013
4827.1867 12.005
4829.2690 11.989
4831.3513 11.980
4833.4335 11.975
4835.5158 11.974
4837.5981 11.977
4839.6804 11.970
4841.7626 11.966
4843.8449 11.968
4845.9272 11.975
4848.0094 11.985
4850.0917 12.000
4852.1740 12.015
4854.2562 12.025
4856.3385 12.038
4858.4208 12.051
4860.5031 12.048
4862.5853 12.027
4864.6676 11.999
4866.7499 11.978
4868.8321 11.961
4870.9144 11.949
4872.9967 11.950
4875.0790 11.948
4877.1612 11.956
4879.2435 11.967
4881.3258 11.976
4883.4080 11.976
4885.4903 11.974
4887.5726 11.966
4889.6549 11.956
4891.7371 11.949
4893.8194 11.947
4895.9017 11.941
4897.9839 11.928
4900.0662 11.909
4902.1485 11.892
4904.2307 11.884
4906.3130 11.878
4908.3953 11.874
4910.4776 11.861
4912.5598 11.854
4914.6421 11.853
4916.7244 11.851
4918.8066 11.847
4920.8889 11.840
4922.9712 11.835
4925.0535 11.831
4927.1357 11.840
4929.2180 11.843
4931.3003 11.843
4933.3825 11.840
4935.4648 11.839
4937.5471 11.828
4939.6294 11.815
4941.7116 11.805
4943.7939 11.803
4945.8762 11.806
4947.9584 11.806
4950.0407 11.801
4952.1230 11.792
4954.2053 11.787
4956.2875 11.786
4958.3698 11.785
4960.4521 11.780
4962.5343 11.787
4964.6166 11.780
4966.6989 11.766
4968.7811 11.756
4970.8634 11.755
4972.9457 11.745
4975.0280 11.739
4977.1102 11.741
4979.1925 11.753
4981.2748 11.763
4983.3570 11.765
4985.4393 11.757
4987.5216 11.739
4989.6039 11.725
4991.6861 11.714
4993.7684 11.709
4995.8507 11.705
4997.9329 11.705
5000.0152 11.699
5002.0975 11.690
5004.1798 11.686
5006.2620 11.691
5008.3443 11.688
5010.4266 11.680
5012.5088 11.672
5014.5911 11.671
5016.6734 11.673
5018.7556 11.671
5020.8379 11.663
5022.9202 11.656
5025.0025 11.654
5027.0847 11.661
5029.1670 11.667
5031.2493 11.676
5033.3315 11.675
5035.4138 11.662
5037.4961 11.645
5039.5784 11.633
5041.6606 11.623
5043.7429 11.619
5045.8252 11.624
5047.9074 11.630
5049.9897 11.621
5052.0720 11.619
5054.1543 11.616
5056.2365 11.608
5058.3188 11.594
5060.4011 11.591
5062.4833 11.589
5064.5656 11.584
5066.6479 11.568
5068.7301 11.565
5070.8124 11.574
5072.8947 11.581
5074.9770 11.568
5077.0592 11.556
5079.1415 11.558
5081.2238 11.563
5083.3060 11.559
5085.3883 11.541
5087.4706 11.527
5089.5529 11.511
5091.6351 11.494
5093.7174 11.495
5095.7997 11.502
5097.8819 11.503
5099.9642 11.503
5102.0465 11.505
5104.1288 11.503
5106.2110 11.500
5108.2933 11.498
5110.3756 11.499
5112.4578 11.496
5114.5401 11.487
5116.6224 11.471
5118.7047 11.457
5120.7869 11.450
5122.8692 11.448
5124.9515 11.444
5127.0337 11.437
5129.1160 11.438
5131.1983 11.436
5133.2805 11.428
5135.3628 11.416
5137.4451 11.411
5139.5274 11.402
5141.6096 11.395
5143.6919 11.393
5145.7742 11.404
5147.8564 11.415
5149.9387 11.415
5152.0210 11.408
5154.1033 11.402
5156.1855 11.391
5158.2678 11.379
5160.3501 11.376
5162.4323 11.381
5164.5146 11.387
5166.5969 11.376
5168.6792 11.366
5170.7614 11.363
5172.8437 11.359
5174.9260 11.354
5177.0082 11.348
5179.0905 11.335
5181.1728 11.312
5183.2550 11.305
5185.3373 11.312
5187.4196 11.323
5189.5019 11.325
5191.5841 11.317
5193.6664 11.310
5195.7487 11.313
5197.8309 11.320
5199.9132 11.330
5201.9955 11.332
5204.0778 11.330
5206.1600 11.319
5208.2423 11.306
5210.3246 11.299
5212.4068 11.293
5214.4891 11.286
5216.5714 11.284
5218.6537 11.292
5220.7359 11.291
5222.8182 11.281
5224.9005 11.258
5226.9827 11.245
5229.0650 11.246
5231.1473 11.255
5233.2296 11.256
5235.3118 11.239
5237.3941 11.232
5239.4764 11.230
5241.5586 11.230
5243.6409 11.231
5245.7232 11.228
5247.8054 11.215
5249.8877 11.195
5251.9700 11.182
5254.0523 11.176
5256.1345 11.184
5258.2168 11.188
5260.2991 11.183
5262.3813 11.182
5264.4636 11.181
5266.5459 11.165
5268.6282 11.148
5270.7104 11.150
5272.7927 11.147
5274.8750 11.141
5276.9572 11.138
5279.0395 11.142
5281.1218 11.146
5283.2041 11.150
5285.2863 11.147
5287.3686 11.130
5289.4509 11.131
5291.5331 11.137
5293.6154 11.134
5295.6977 11.116
5297.7799 11.105
5299.8622 11.099
5301.9445 11.096
5304.0268 11.091
5306.1090 11.090
5308.1913 11.086
5310.2736 11.072
5312.3558 11.063
5314.4381 11.052
5316.5204 11.045
5318.6027 11.049
5320.6849 11.059
5322.7672 11.072
5324.8495 11.070
5326.9317 11.050
5329.0140 11.030
5331.0963 11.037
5333.1786 11.038
5335.2608 11.029
5337.3431 11.018
5339.4254 11.021
5341.5076 11.022
5343.5899 11.022
5345.6722 11.024
5347.7545 11.027
5349.8367 11.020
5351.9190 11.005
5354.0013 10.994
5356.0835 10.994
5358.1658 11.043
5360.2481 11.041
5362.3303 11.043
5364.4126 11.040
5366.4949 11.039
5368.5772 11.038
5370.6594 11.040
5372.7417 11.041
5374.8240 11.035
5376.9062 11.023
5378.9885 11.010
5381.0708 11.007
5383.1531 11.010
5385.2353 11.017
5387.3176 11.017
5389.3999 11.010
5391.4821 11.000
5393.5644 10.989
5395.6467 10.983
5397.7290 10.987
5399.8112 10.994
5401.8935 11.005
5403.9758 11.019
5406.0580 11.034
5408.1403 11.042
5410.2226 11.044
5412.3048 11.038
5414.3871 11.022
5416.4694 11.004
5418.5517 10.986
5420.6339 10.965
5422.7162 10.952
5424.7985 10.948
5426.8807 10.950
5428.9630 10.945
5431.0453 10.935
5433.1276 10.930
5435.2098 10.932
5437.2921 10.934
5439.3744 10.935
5441.4566 10.937
5443.5389 10.935
5445.6212 10.930
5447.7035 10.926
5449.7857 10.925
5451.8680 10.923
5453.9503 10.918
5456.0325 10.909
5458.1148 10.901
5460.1971 10.896
5462.2793 10.892
5464.3616 10.883
5466.4439 10.873
5468.5262 10.866
5470.6084 10.864
5472.6907 10.862
5474.7730 10.857
5476.8552 10.853
5478.9375 10.853
5481.0198 10.854
5483.1021 10.850
5485.1843 10.848
5487.2666 10.847
5489.3489 10.844
5491.4311 10.835
5493.5134 10.819
5495.5957 10.802
5497.6780 10.790
5499.7602 10.788
5501.8425 10.793
5503.9248 10.799
5506.0070 10.802
5508.0893 10.800
5510.1716 10.791
5512.2539 10.783
5514.3361 10.775
5516.4184 10.770
5518.5007 10.763
5520.5829 10.760
5522.6652 10.755
5524.7475 10.750
5526.8297 10.751
5528.9120 10.755
5530.9943 10.754
5533.0766 10.745
5535.1588 10.741
5537.2411 10.740
5539.3234 10.740
5541.4056 10.738
5543.4879 10.733
5545.5702 10.730
5547.6525 10.726
5549.7347 10.723
5551.8170 10.721
5553.8993 10.718
5555.9815 10.711
5558.0638 10.703
5560.1461 10.697
5562.2284 10.689
5564.3106 10.682
5566.3929 10.675
5568.4752 10.661
5570.5574 10.648
5572.6397 10.641
5574.7220 10.641
5576.8042 10.634
5578.8865 10.626
5580.9688 10.621
5583.0511 10.629
5585.1333 10.646
5587.2156 10.660
5589.2979 10.665
5591.3801 10.663
5593.4624 10.657
5595.5447 10.652
5597.6270 10.647
5599.7092 10.644
5601.7915 10.642
5603.8738 10.643
5605.9560 10.638
5608.0383 10.632
5610.1206 10.627
5612.2029 10.618
5614.2851 10.612
5616.3674 10.601
5618.4497 10.590
5620.5319 10.585
5622.6142 10.586
5624.6965 10.589
5626.7788 10.592
5628.8610 10.596
5630.9433 10.592
5633.0256 10.583
5635.1078 10.578
5637.1901 10.580
5639.2724 10.580
5641.3546 10.575
5643.4369 10.569
5645.5192 10.568
5647.6015 10.574
5649.6837 10.573
5651.7660 10.566
5653.8483 10.557
5655.9305 10.553
5658.0128 10.555
5660.0951 10.554
5662.1774 10.552
5664.2596 10.549
5666.3419 10.547
5668.4242 10.548
5670.5064 10.548
5672.5887 10.549
5674.6710 10.542
5676.7533 10.533
5678.8355 10.528
5680.9178 10.524
5683.0001 10.518
5685.0823 10.508
5687.1646 10.502
5689.2469 10.504
5691.3291 10.507
5693.4114 10.503
5695.4937 10.499
5697.5760 10.496
5699.6582 10.497
5701.7405 10.503
5703.8228 10.511
5705.9050 10.517
5707.9873 10.515
5710.0696 10.512
5712.1519 10.506
5714.2341 10.497
5716.3164 10.490
5718.3987 10.486
5720.4809 10.483
5722.5632 10.478
5724.6455 10.470
5726.7278 10.464
5728.8100 10.464
5730.8923 10.466
5732.9746 10.467
5735.0568 10.468
5737.1391 10.470
5739.2214 10.468
5741.3037 10.462
5743.3859 10.456
5745.4682 10.457
5747.5505 10.457
5749.6327 10.454
5751.7150 10.447
5753.7973 10.444
5755.8795 10.438
5757.9618 10.429
5760.0441 10.421
5762.1264 10.425
5764.2086 10.434
5766.2909 10.445
5768.3732 10.456
5770.4554 10.466
5772.5377 10.485
5774.6200 10.507
5776.7023 10.528
5778.7845 10.538
5780.8668 10.533
5782.9491 10.513
5785.0313 10.482
5787.1136 10.461
5789.1959 10.449
5791.2782 10.447
5793.3604 10.451
5795.4427 10.457
5797.5250 10.454
5799.6072 10.443
5801.6895 10.425
5803.7718 10.404
5805.8540 10.390
5807.9363 10.385
5810.0186 10.385
5812.1009 10.386
5814.1831 10.379
5816.2654 10.375
5818.3477 10.373
5820.4299 10.367
5822.5122 10.354
5824.5945 10.345
5826.6768 10.337
5828.7590 10.326
5830.8413 10.322
5832.9236 10.326
5835.0058 10.330
5837.0881 10.334
5839.1704 10.335
5841.2527 10.339
5843.3349 10.347
5845.4172 10.351
5847.4995 10.352
5849.5817 10.346
5851.6640 10.339
5853.7463 10.330
5855.8285 10.323
5857.9108 10.318
5859.9931 10.314
5862.0754 10.312
5864.1576 10.312
5866.2399 10.318
5868.3222 10.325
5870.4044 10.334
5872.4867 10.339
5874.5690 10.339
5876.6513 10.332
5878.7335 10.324
5880.8158 10.322
5882.8981 10.334
5884.9803 10.362
5887.0626 10.396
5889.1449 10.425
5891.2272 10.435
5893.3094 10.424
5895.3917 10.401
5897.4740 10.371
5899.5562 10.333
5901.6385 10.303
5903.7208 10.282
5905.8031 10.272
5907.8853 10.272
5909.9676 10.270
5912.0499 10.271
5914.1321 10.267
5916.2144 10.256
5918.2967 10.254
5920.3789 10.266
5922.4612 10.259
5924.5435 10.253
5926.6258 10.258
5928.7080 10.260
5930.7903 10.288
5932.8726 10.277
5934.9548 10.274
5937.0371 10.275
5939.1194 10.277
5941.2017 10.275
5943.2839 10.274
5945.3662 10.267
5947.4485 10.253
5949.5307 10.239
5951.6130 10.237
5953.6953 10.247
5955.7776 10.249
5957.8598 10.244
5959.9421 10.236
5962.0244 10.236
5964.1066 10.238
5966.1889 10.243
5968.2712 10.252
5970.3534 10.263
5972.4357 10.268
5974.5180 10.266
5976.6003 10.259
5978.6825 10.245
5980.7648 10.234
5982.8471 10.228
5984.9293 10.227
5987.0116 10.226
5989.0939 10.223
5991.1762 10.222
5993.2584 10.222
5995.3407 10.216
5997.4230 10.209
5999.5052 10.209
6001.5875 10.216
6003.6698 10.222
6005.7521 10.223
6007.8343 10.220
6009.9166 10.211
6011.9989 10.193
6014.0811 10.182
6016.1634 10.182
6018.2457 10.187
6020.3280 10.194
6022.4102 10.192
6024.4925 10.187
6026.5748 10.180
6028.6570 10.175
6030.7393 10.168
6032.8216 10.168
6034.9038 10.170
6036.9861 10.172
6039.0684 10.161
6041.1507 10.155
6043.2329 10.155
6045.3152 10.160
6047.3975 10.159
6049.4797 10.144
6051.5620 10.131
6053.6443 10.125
6055.7266 10.131
6057.8088 10.136
6059.8911 10.144
6061.9734 10.154
6064.0556 10.160
6066.1379 10.153
6068.2202 10.143
6070.3025 10.133
6072.3847 10.125
6074.4670 10.116
6076.5493 10.102
6078.6315 10.090
6080.7138 10.087
6082.7961 10.096
6084.8783 10.098
6086.9606 10.098
6089.0429 10.100
6091.1252 10.109
6093.2074 10.112
6095.2897 10.112
6097.3720 10.108
6099.4542 10.103
6101.5365 10.098
6103.6188 10.090
6105.7011 10.081
6107.7833 10.075
6109.8656 10.075
6111.9479 10.075
6114.0301 10.076
6116.1124 10.085
6118.1947 10.086
6120.2770 10.079
6122.3592 10.073
6124.4415 10.075
6126.5238 10.077
6128.6060 10.074
6130.6883 10.071
6132.7706 10.072
6134.8529 10.079
6136.9351 10.073
6139.0174 10.070
6141.0997 10.075
6143.1819 10.086
6145.2642 10.082
6147.3465 10.073
6149.4287 10.063
6151.5110 10.064
6153.5933 10.070
6155.6756 10.079
6157.7578 10.086
6159.8401 10.090
6161.9224 10.099
6164.0046 10.110
6166.0869 10.119
6168.1692 10.122
6170.2515 10.118
6172.3337 10.117
6174.4160 10.117
6176.4983 10.121
6178.5805 10.119
6180.6628 10.113
6182.7451 10.104
6184.8274 10.094
6186.9096 10.088
6188.9919 10.091
6191.0742 10.098
6193.1564 10.105
6195.2387 10.106
6197.3210 10.105
6199.4032 10.106
6201.4855 10.106
6203.5678 10.097
6205.6501 10.079
6207.7323 10.062
6209.8146 10.047
6211.8969 10.038
6213.9791 10.031
6216.0614 10.025
6218.1437 10.022
6220.2260 10.023
6222.3082 10.017
6224.3905 10.012
6226.4728 10.015
6228.5550 10.029
6230.6373 10.040
6232.7196 10.038
6234.8019 10.028
6236.8841 10.016
6238.9664 10.014
6241.0487 10.011
6243.1309 10.009
6245.2132 10.007
6247.2955 10.007
6249.3778 10.002
6251.4600 10.002
6253.5423 10.005
6255.6246 10.008
6257.7068 10.005
6259.7891  9.998
6261.8714  9.993
6263.9536  9.994
6266.0359 10.008
6268.1182 10.022
6270.2005 10.032
6272.2827 10.039
6274.3650 10.062
6276.4473 10.099
6278.5295 10.145
6280.6118 10.194
6282.6941 10.215
6284.7764 10.195
6286.8586 10.153
6288.9409 10.101
6291.0232 10.060
6293.1054 10.029
6295.1877 10.006
6297.2700  9.992
6299.3523  9.986
6301.4345  9.990
6303.5168  9.992
6305.5991  9.993
6307.6813  9.996
6309.7636 10.000
6311.8459 10.001
6313.9281 10.001
6316.0104 10.004
6318.0927 10.002
6320.1750  9.992
6322.2572  9.977
6324.3395  9.964
6326.4218  9.954
6328.5040  9.948
6330.5863  9.946
6332.6686  9.947
6334.7509  9.943
6336.8331  9.944
6338.9154  9.947
6340.9977  9.950
6343.0799  9.947
6345.1622  9.945
6347.2445  9.943
6349.3268  9.942
6351.4090  9.941
6353.4913  9.935
6355.5736  9.928
6357.6558  9.924
6359.7381  9.929
6361.8204  9.932
6363.9026  9.931
6365.9849  9.925
6368.0672  9.916
6370.1495  9.914
6372.2317  9.920
6374.3140  9.928
6376.3963  9.932
6378.4785  9.933
6380.5608  9.931
6382.6431  9.923
6384.7254  9.908
6386.8076  9.898
6388.8899  9.892
6390.9722  9.886
6393.0544  9.879
6395.1367  9.871
6397.2190  9.865
6399.3013  9.865
6401.3835  9.871
6403.4658  9.875
6405.5481  9.870
6407.6303  9.866
6409.7126  9.864
6411.7949  9.866
6413.8772  9.858
6415.9594  9.848
6418.0417  9.838
6420.1240  9.832
6422.2062  9.833
6424.2885  9.834
6426.3708  9.837
6428.4530  9.840
6430.5353  9.840
6432.6176  9.838
6434.6999  9.838
6436.7821  9.842
6438.8644  9.846
6440.9467  9.844
6443.0289  9.844
6445.1112  9.846
6447.1935  9.853
6449.2758  9.857
6451.3580  9.859
6453.4403  9.859
6455.5226  9.855
6457.6048  9.848
6459.6871  9.838
6461.7694  9.827
6463.8517  9.819
6465.9339  9.824
6468.0162  9.830
6470.0985  9.833
6472.1807  9.829
6474.2630  9.829
6476.3453  9.827
6478.4275  9.825
6480.5098  9.823
6482.5921  9.818
6484.6744  9.815
6486.7566  9.814
6488.8389  9.816
6490.9212  9.818
6493.0034  9.819
6495.0857  9.816
6497.1680  9.808
6499.2503  9.797
6501.3325  9.788
6503.4148  9.778
6505.4971  9.767
6507.5793  9.762
6509.6616  9.763
6511.7439  9.768
6513.8262  9.777
6515.9084  9.786
6517.9907  9.790
6520.0730  9.789
6522.1552  9.788
6524.2375  9.788
6526.3198  9.790
6528.4021  9.793
6530.4843  9.791
6532.5666  9.783
6534.6489  9.768
6536.7311  9.750
6538.8134  9.731
6540.8957  9.711
6542.9779  9.693
6545.0602  9.672
6547.1425  9.651
6549.2248  9.631
6551.3070  9.619
6553.3893  9.609
6555.4716  9.594
6557.5538  9.571
6559.6361  9.540
6561.7184  9.509
6563.8007  9.487
6565.8829  9.479
6567.9652  9.492
6570.0475  9.511
6572.1297  9.525
6574.2120  9.537
6576.2943  9.547
6578.3766  9.559
6580.4588  9.572
6582.5411  9.586
6584.6234  9.602
6586.7056  9.620
6588.7879  9.636
6590.8702  9.649
6592.9524  9.658
6595.0347  9.657
6597.1170  9.652
6599.1993  9.653
6601.2815  9.659
6603.3638  9.667
6605.4461  9.671
6607.5283  9.682
6609.6106  9.695
6611.6929  9.699
6613.7752  9.695
6615.8574  9.687
6617.9397  9.673
6620.0220  9.649
6622.1042  9.642
6624.1865  9.643
6626.2688  9.647
6628.3511  9.646
6630.4333  9.644
6632.5156  9.636
6634.5979  9.628
6636.6801  9.619
6638.7624  9.613
6640.8447  9.611
6642.9270  9.614
6645.0092  9.622
6647.0915  9.626
6649.1738  9.623
6651.2560  9.618
6653.3383  9.614
6655.4206  9.607
6657.5028  9.605
6659.5851  9.602
6661.6674  9.597
6663.7497  9.592
6665.8319  9.591
6667.9142  9.592
6669.9965  9.593
6672.0787  9.595
6674.1610  9.592
6676.2433  9.588
6678.3256  9.585
6680.4078  9.585
6682.4901  9.584
6684.5724  9.579
6686.6546  9.572
6688.7369  9.564
6690.8192  9.558
6692.9015  9.554
6694.9837  9.551
6697.0660  9.548
6699.1483  9.545
6701.2305  9.545
6703.3128  9.544
6705.3951  9.539
6707.4773  9.529
6709.5596  9.520
6711.6419  9.512
6713.7242  9.505
6715.8064  9.502
6717.8887  9.499
6719.9710  9.498
6722.0532  9.500
6724.1355  9.507
6726.2178  9.516
6728.3001  9.519
6730.3823  9.517
6732.4646  9.511
6734.5469  9.501
6736.6291  9.501
6738.7114  9.505
6740.7937  9.508
6742.8760  9.500
6744.9582  9.495
6747.0405  9.495
6749.1228  9.498
6751.2050  9.505
6753.2873  9.507
6755.3696  9.503
6757.4518  9.493
6759.5341  9.481
6761.6164  9.486
6763.6987  9.494
6765.7809  9.500
6767.8632  9.498
6769.9455  9.491
6772.0277  9.486
6774.1100  9.483
6776.1923  9.482
6778.2746  9.479
6780.3568  9.472
6782.4391  9.461
6784.5214  9.449
6786.6036  9.442
6788.6859  9.440
6790.7682  9.439
6792.8505  9.438
6794.9327  9.447
6797.0150  9.457
6799.0973  9.461
6801.1795  9.460
6803.2618  9.454
6805.3441  9.446
6807.4264  9.443
6809.5086  9.443
6811.5909  9.445
6813.6732  9.447
6815.7554  9.446
6817.8377  9.444
6819.9200  9.442
6822.0022  9.437
6824.0845  9.435
6826.1668  9.434
6828.2491  9.437
6830.3313  9.434
6832.4136  9.435
6834.4959  9.438
6836.5781  9.446
6838.6604  9.454
6840.7427  9.454
6842.8250  9.451
6844.9072  9.445
6846.9895  9.443
6849.0718  9.440
6851.1540  9.438
6853.2363  9.439
6855.3186  9.445
6857.4009  9.455
6859.4831  9.467
6861.5654  9.484
6863.6477  9.516
6865.7299  9.578
6867.8122  9.637
6869.8945  9.674
6871.9767  9.675
6874.0590  9.631
6876.1413  9.579
6878.2236  9.533
6880.3058  9.506
6882.3881  9.511
6884.4704  9.523
6886.5526  9.538
6888.6349  9.551
6890.7172  9.553
6892.7995  9.541
6894.8817  9.524
6896.9640  9.509
6899.0463  9.501
6901.1285  9.493
6903.2108  9.484
6905.2931  9.472
6907.3754  9.455
6909.4576  9.434
6911.5399  9.420
6913.6222  9.412
6915.7044  9.408
6917.7867  9.405
6919.8690  9.402
6921.9513  9.399
6924.0335  9.394
6926.1158  9.402
6928.1981  9.414
6930.2803  9.425
6932.3626  9.427
6934.4449  9.425
6936.5271  9.425
6938.6094  9.427
6940.6917  9.431
6942.7740  9.429
6944.8562  9.419
6946.9385  9.406
6949.0208  9.393
6951.1030  9.385
6953.1853  9.377
6955.2676  9.372
6957.3499  9.368
6959.4321  9.362
6961.5144  9.348
6963.5967  9.336
6965.6789  9.328
6967.7612  9.329
6969.8435  9.331
6971.9258  9.332
6974.0080  9.333
6976.0903  9.335
6978.1726  9.338
6980.2548  9.339
6982.3371  9.342
6984.4194  9.349
6986.5016  9.357
6988.5839  9.364
6990.6662  9.366
6992.7485  9.360
6994.8307  9.346
6996.9130  9.334
6998.9953  9.327
7001.0775  9.323
7003.1598  9.322
7005.2421  9.320
7007.3244  9.318
7009.4066  9.318
7011.4889  9.324
7013.5712  9.329
7015.6534  9.331
7017.7357  9.331
7019.8180  9.327
7021.9003  9.321
7023.9825  9.315
7026.0648  9.310
7028.1471  9.305
7030.2293  9.297
7032.3116  9.288
7034.3939  9.282
7036.4762  9.282
7038.5584  9.283
7040.6407  9.282
7042.7230  9.279
7044.8052  9.276
7046.8875  9.271
7048.9698  9.265
7051.0520  9.257
7053.1343  9.249
7055.2166  9.248
7057.2989  9.257
7059.3811  9.266
7061.4634  9.272
7063.5457  9.276
7065.6279  9.275
7067.7102  9.271
7069.7925  9.265
7071.8748  9.262
7073.9570  9.257
7076.0393  9.253
7078.1216  9.249
7080.2038  9.247
7082.2861  9.242
7084.3684  9.235
7086.4507  9.230
7088.5329  9.228
7090.6152  9.227
7092.6975  9.223
7094.7797  9.221
7096.8620  9.221
7098.9443  9.223
7101.0265  9.220
7103.1088  9.215
7105.1911  9.207
7107.2734  9.204
7109.3556  9.198
7111.4379  9.192
7113.5202  9.187
7115.6024  9.186
7117.6847  9.183
7119.7670  9.178
7121.8493  9.173
7123.9315  9.174
7126.0138  9.181
7128.0961  9.184
7130.1783  9.184
7132.2606  9.183
7134.3429  9.190
7136.4252  9.197
7138.5074  9.201
7140.5897  9.203
7142.6720  9.201
7144.7542  9.197
7146.8365  9.199
7148.9188  9.204
7151.0010  9.208
7153.0833  9.204
7155.1656  9.197
7157.2479  9.191
7159.3301  9.192
7161.4124  9.209
7163.4947  9.236
7165.5769  9.268
7167.6592  9.299
7169.7415  9.328
7171.8238  9.352
7173.9060  9.370
7175.9883  9.380
7178.0706  9.386
7180.1528  9.391
7182.2351  9.394
7184.3174  9.395
7186.3997  9.387
7188.4819  9.377
7190.5642  9.368
7192.6465  9.363
7194.7287  9.356
7196.8110  9.353
7198.8933  9.351
7200.9756  9.346
7203.0578  9.328
7205.1401  9.296
7207.2224  9.262
7209.3046  9.232
7211.3869  9.213
7213.4692  9.207
7215.5514  9.204
7217.6337  9.206
7219.7160  9.214
7221.7983  9.228
7223.8805  9.235
7225.9628  9.238
7228.0451  9.239
7230.1273  9.256
7232.2096  9.267
7234.2919  9.270
7236.3742  9.267
7238.4564  9.264
7240.5387  9.264
7242.6210  9.263
7244.7032  9.261
7246.7855  9.263
7248.8678  9.271
7250.9501  9.276
7253.0323  9.276
7255.1146  9.271
7257.1969  9.260
7259.2791  9.254
7261.3614  9.255
7263.4437  9.264
7265.5259  9.257
7267.6082  9.248
7269.6905  9.243
7271.7728  9.247
7273.8550  9.258
7275.9373  9.259
7278.0196  9.245
7280.1018  9.217
7282.1841  9.193
7284.2664  9.194
7286.3487  9.209
7288.4309  9.233
7290.5132  9.246
7292.5955  9.240
7294.6777  9.225
7296.7600  9.208
7298.8423  9.208
7300.9246  9.220
7303.0068  9.228
7305.0891  9.228
7307.1714  9.219
7309.2536  9.210
7311.3359  9.208
7313.4182  9.207
7315.5005  9.201
7317.5827  9.181
7319.6650  9.162
7321.7473  9.146
7323.8295  9.134
7325.9118  9.125
7327.9941  9.124
7330.0763  9.128
7332.1586  9.136
7334.2409  9.137
7336.3232  9.132
7338.4054  9.130
7340.4877  9.130
7342.5700  9.129
7344.6522  9.126
7346.7345  9.124
7348.8168  9.120
7350.8991  9.113
7352.9813  9.110
7355.0636  9.112
7357.1459  9.115
7359.2281  9.114
7361.3104  9.109
7363.3927  9.110
7365.4750  9.112
7367.5572  9.108
7369.6395  9.094
7371.7218  9.085
7373.8040  9.081
7375.8863  9.083
7377.9686  9.079
7380.0508  9.079
7382.1331  9.082
7384.2154  9.087
7386.2977  9.090
7388.3799  9.087
7390.4622  9.082
7392.5445  9.078
7394.6267  9.079
7396.7090  9.081
7398.7913  9.081
7400.8736  9.077
7402.9558  9.071
7405.0381  9.068
7407.1204  9.067
7409.2026  9.068
7411.2849  9.067
7413.3672  9.062
7415.4495  9.058
7417.5317  9.058
7419.6140  9.065
7421.6963  9.074
7423.7785  9.079
7425.8608  9.078
7427.9431  9.069
7430.0254  9.056
7432.1076  9.049
7434.1899  9.045
7436.2722  9.044
7438.3544  9.042
7440.4367  9.042
7442.5190  9.044
7444.6012  9.046
7446.6835  9.040
7448.7658  9.027
7450.8481  9.019
7452.9303  9.020
7455.0126  9.028
7457.0949  9.025
7459.1771  9.019
7461.2594  9.014
7463.3417  9.016
7465.4240  9.018
7467.5062  9.021
7469.5885  9.024
7471.6708  9.029
7473.7530  9.025
7475.8353  9.022
7477.9176  9.022
7479.9999  9.027
7482.0821  9.031
7484.1644  9.026
7486.2467  9.018
7488.3289  9.011
7490.4112  9.005
7492.4935  8.998
7494.5757  8.987
7496.6580  8.973
7498.7403  8.960
7500.8226  8.960
7502.9048  8.964
7504.9871  8.967
7507.0694  8.961
7509.1516  8.962
7511.2339  8.963
7513.3162  8.960
7515.3985  8.951
7517.4807  8.942
7519.5630  8.940
7521.6453  8.942
7523.7275  8.943
7525.8098  8.942
7527.8921  8.944
7529.9744  8.948
7532.0566  8.953
7534.1389  8.958
7536.2212  8.958
7538.3034  8.953
7540.3857  8.946
7542.4680  8.949
7544.5502  8.963
7546.6325  8.969
7548.7148  8.966
7550.7971  8.959
7552.8793  8.963
7554.9616  8.967
7557.0439  8.969
7559.1261  8.970
7561.2084  8.963
7563.2907  8.955
7565.3730  8.948
7567.4552  8.941
7569.5375  8.949
7571.6198  8.955
7573.7020  8.957
7575.7843  8.955
7577.8666  8.961
7579.9489  8.967
7582.0311  8.976
7584.1134  8.990
7586.1957  9.025
7588.2779  9.086
7590.3602  9.182
7592.4425  9.319
7594.5248  9.513
7596.6070  9.715
7598.6893  9.894
7600.7716 10.038
7602.8538 10.124
7604.9361 10.135
7607.0184 10.089
7609.1006  9.988
7611.1829  9.836
7613.2652  9.656
7615.3475  9.504
7617.4297  9.403
7619.5120  9.375
7621.5943  9.440
7623.6765  9.508
7625.7588  9.561
7627.8411  9.586
7629.9234  9.586
7632.0056  9.583
7634.0879  9.571
7636.1702  9.547
7638.2524  9.513
7640.3347  9.477
7642.4170  9.441
7644.4993  9.403
7646.5815  9.362
7648.6638  9.317
7650.7461  9.276
7652.8283  9.240
7654.9106  9.202
7656.9929  9.173
7659.0751  9.154
7661.1574  9.144
7663.2397  9.135
7665.3220  9.112
7667.4042  9.082
7669.4865  9.054
7671.5688  9.035
7673.6510  9.021
7675.7333  9.005
7677.8156  8.992
7679.8979  8.987
7681.9801  8.982
7684.0624  8.978
7686.1447  8.974
7688.2269  8.970
7690.3092  8.962
7692.3915  8.964
7694.4738  8.974
7696.5560  8.987
7698.6383  8.983
7700.7206  8.966
7702.8028  8.948
7704.8851  8.935
7706.9674  8.931
7709.0497  8.921
7711.1319  8.908
7713.2142  8.895
7715.2965  8.888
7717.3787  8.886
7719.4610  8.884
7721.5433  8.878
7723.6255  8.867
7725.7078  8.859
7727.7901  8.859
7729.8724  8.862
7731.9546  8.865
7734.0369  8.869
7736.1192  8.871
7738.2014  8.866
7740.2837  8.855
7742.3660  8.855
7744.4483  8.857
7746.5305  8.855
7748.6128  8.848
7750.6951  8.844
7752.7773  8.845
7754.8596  8.836
7756.9419  8.823
7759.0242  8.821
7761.1064  8.831
7763.1887  8.835
7765.2710  8.832
7767.3532  8.821
7769.4355  8.818
7771.5178  8.817
7773.6000  8.819
7775.6823  8.823
7777.7646  8.816
7779.8469  8.806
7781.9291  8.800
7784.0114  8.799
7786.0937  8.789
7788.1759  8.785
7790.2582  8.785
7792.3405  8.786
7794.4228  8.781
7796.5050  8.765
7798.5873  8.755
7800.6696  8.755
7802.7518  8.763
7804.8341  8.756
7806.9164  8.743
7808.9987  8.733
7811.0809  8.735
7813.1632  8.740
7815.2455  8.740
7817.3277  8.736
7819.4100  8.737
7821.4923  8.742
7823.5746  8.749
7825.6568  8.752
7827.7391  8.747
7829.8214  8.736
7831.9036  8.729
7833.9859  8.728
7836.0682  8.732
7838.1504  8.740
7840.2327  8.736
7842.3150  8.726
7844.3973  8.714
7846.4795  8.715
7848.5618  8.711
7850.6441  8.705
7852.7263  8.699
7854.8086  8.691
7856.8909  8.684
7858.9732  8.680
7861.0554  8.679
7863.1377  8.679
7865.2200  8.682
7867.3022  8.678
7869.3845  8.670
7871.4668  8.662
7873.5491  8.667
7875.6313  8.675
7877.7136  8.682
7879.7959  8.685
7881.8781  8.683
7883.9604  8.686
7886.0427  8.691
7888.1249  8.695
7890.2072  8.692
7892.2895  8.690
7894.3718  8.691
7896.4540  8.694
7898.5363  8.694
7900.6186  8.692
7902.7008  8.690
7904.7831  8.688
7906.8654  8.682
7908.9477  8.672
7911.0299  8.671
7913.1122  8.675
7915.1945  8.678
7917.2767  8.682
7919.3590  8.683
7921.4413  8.678
7923.5236  8.668
7925.6058  8.665
7927.6881  8.666
7929.7704  8.666
7931.8526  8.659
7933.9349  8.643
7936.0172  8.629
7938.0994  8.620
7940.1817  8.620
7942.2640  8.628
7944.3463  8.638
7946.4285  8.640
7948.5108  8.634
7950.5931  8.627
7952.6753  8.629
7954.7576  8.629
7956.8399  8.626
7958.9222  8.625
7961.0044  8.625
7963.0867  8.628
7965.1690  8.632
7967.2512  8.638
7969.3335  8.642
7971.4158  8.638
7973.4981  8.628
7975.5803  8.613
7977.6626  8.616
7979.7449  8.613
7981.8271  8.607
7983.9094  8.600
7985.9917  8.602
7988.0740  8.604
7990.1562  8.607
7992.2385  8.611
7994.3208  8.616
7996.4030  8.610
7998.4853  8.603
8000.5676  8.599
8002.6498  8.603
8004.7321  8.610
8006.8144  8.617
8008.8967  8.623
8010.9789  8.628
8013.0612  8.624
8015.1435  8.615
8017.2257  8.606
8019.3080  8.604
8021.3903  8.607
8023.4726  8.612
8025.5548  8.615
8027.6371  8.613
8029.7194  8.597
8031.8016  8.585
8033.8839  8.583
8035.9662  8.592
8038.0485  8.587
8040.1307  8.586
8042.2130  8.585
8044.2953  8.583
8046.3775  8.572
8048.4598  8.568
8050.5421  8.570
8052.6243  8.574
8054.7066  8.576
8056.7889  8.574
8058.8712  8.573
8060.9534  8.573
8063.0357  8.576
8065.1180  8.565
8067.2002  8.554
8069.2825  8.546
8071.3648  8.548
8073.4471  8.556
8075.5293  8.553
8077.6116  8.544
8079.6939  8.535
8081.7761  8.537
8083.8584  8.545
8085.9407  8.553
8088.0230  8.559
8090.1052  8.555
8092.1875  8.556
8094.2698  8.559
8096.3520  8.560
8098.4343  8.559
8100.5166  8.558
8102.5989  8.554
8104.6811  8.546
8106.7634  8.537
8108.8457  8.539
8110.9279  8.543
8113.0102  8.551
8115.0925  8.562
8117.1747  8.569
8119.2570  8.573
8121.3393  8.579
8123.4216  8.590
8125.5038  8.601
8127.5861  8.608
8129.6684  8.613
8131.7506  8.618
8133.8329  8.631
8135.9152  8.644
8137.9975  8.656
8140.0797  8.666
8142.1620  8.671
8144.2443  8.672
8146.3265  8.674
8148.4088  8.679
8150.4911  8.694
8152.5734  8.703
8154.6556  8.703
8156.7379  8.694
8158.8202  8.682
8160.9024  8.668
8162.9847  8.660
8165.0670  8.654
8167.1492  8.648
8169.2315  8.641
8171.3138  8.634
8173.3961  8.620
8175.4783  8.597
8177.5606  8.586
8179.6429  8.561
8181.7251  8.536
8183.8074  8.519
8185.8897  8.504
8187.9720  8.487
8190.0542  8.447
8192.1365  8.447
